	Heit(m)	air(kg/m3)
0	0.0	1.258
1	1000.0	1.1329999999999998
2	2000.0	1.016
3	3000.0	0.9091
4	4000.0	0.8135
5	5000.0	0.7291
6	6000.0	0.6547000000000001
7	7000.0	0.5867
8	8000.0	0.5226999999999999
9	9000.0	0.4617
10	10000.0	0.4034
11	11000.0	0.3484
12	12000.0	0.2985
13	13000.0	0.25470000000000004
14	14000.0	0.21689999999999998
15	15000.0	0.185
16	16000.0	0.1583
17	17000.0	0.1357
18	18000.0	0.1164
19	19000.0	0.09977
20	20000.0	0.08534000000000001
21	21000.0	0.07279999999999999
22	22000.0	0.061959999999999994
23	23000.0	0.05265
24	24000.0	0.04469
25	25000.0	0.03791
26	26000.0	0.03214
27	27000.0	0.027250000000000003
28	28000.0	0.02309
29	29000.0	0.01954
30	30000.0	0.01653
31	31000.0	0.01398
32	32000.0	0.011810000000000001
33	33000.0	0.009989999999999999
34	34000.0	0.00846
35	35000.0	0.0071779999999999995
36	36000.0	0.006105
37	37000.0	0.005205
38	38000.0	0.0044469999999999996
39	39000.0	0.003806
40	40000.0	0.003263
41	41000.0	0.002801
42	42000.0	0.002408
43	43000.0	0.002076
44	44000.0	0.001795
45	45000.0	0.001558
46	46000.0	0.0013570000000000001
47	47000.0	0.001186
48	48000.0	0.001039
49	49000.0	0.0009124000000000001
50	50000.0	0.0008018
51	51000.0	0.0007049000000000001
52	52000.0	0.0006198
53	53000.0	0.0005449
54	54000.0	0.000479
55	55000.0	0.00042100000000000004
56	56000.0	0.0003699
57	57000.0	0.0003249
58	58000.0	0.0002852
59	59000.0	0.0002503
60	60000.0	0.0002197
61	61000.0	0.0001927
62	62000.0	0.0001689
63	63000.0	0.000148
64	64000.0	0.0001296
65	65000.0	0.00011339999999999999
66	66000.0	9.918000000000001e-05
67	67000.0	8.664999999999999e-05
68	68000.0	7.564e-05
69	69000.0	6.595e-05
70	70000.0	5.743e-05
71	71000.0	4.995e-05
72	72000.0	4.338e-05
73	73000.0	3.76e-05
74	74000.0	3.251e-05
75	75000.0	2.803e-05
76	76000.0	2.41e-05
77	77000.0	2.067e-05
78	78000.0	1.767e-05
79	79000.0	1.506e-05
80	80000.0	1.2800000000000001e-05
81	81000.0	1.085e-05
82	82000.0	9.184e-06
83	83000.0	7.766e-06
84	84000.0	6.5730000000000004e-06
85	85000.0	5.575e-06
86	86000.0	4.7449999999999995e-06
87	87000.0	4.0540000000000005e-06
88	88000.0	3.477e-06
89	89000.0	2.9910000000000002e-06
90	90000.0	2.5789999999999998e-06
91	91000.0	2.228e-06
92	92000.0	1.927e-06
93	93000.0	1.6669999999999999e-06
94	94000.0	1.442e-06
95	95000.0	1.246e-06
96	96000.0	1.0749999999999999e-06
97	97000.0	9.236e-07
98	98000.0	7.905e-07
99	99000.0	6.733000000000001e-07
100	100000.0	5.706e-07
101	101000.0	4.811e-07
102	102000.0	4.036e-07
103	103000.0	3.37e-07
104	104000.0	2.8e-07
105	105000.0	2.3170000000000002e-07
106	106000.0	1.912e-07
107	107000.0	1.576e-07
108	108000.0	1.298e-07
109	109000.0	1.071e-07
110	110000.0	8.854e-08
111	111000.0	7.345e-08
112	112000.0	6.119e-08
113	113000.0	5.124e-08
114	114000.0	4.319e-08
115	115000.0	3.668e-08
116	116000.0	3.14e-08
117	117000.0	2.709e-08
118	118000.0	2.355e-08
119	119000.0	2.06e-08
120	120000.0	1.815e-08
121	121000.0	1.609e-08
122	122000.0	1.4340000000000001e-08
123	123000.0	1.285e-08
124	124000.0	1.157e-08
125	125000.0	1.047e-08
126	126000.0	9.51e-09
127	127000.0	8.669e-09
128	128000.0	7.929e-09
129	129000.0	7.2739999999999995e-09
130	130000.0	6.693e-09
131	131000.0	6.175e-09
132	132000.0	5.711e-09
133	133000.0	5.294e-09
134	134000.0	4.918e-09
135	135000.0	4.578e-09
136	136000.0	4.27e-09
137	137000.0	3.99e-09
138	138000.0	3.734e-09
139	139000.0	3.5010000000000002e-09
140	140000.0	3.287e-09
141	141000.0	3.09e-09
142	142000.0	2.91e-09
143	143000.0	2.7429999999999997e-09
144	144000.0	2.589e-09
145	145000.0	2.447e-09
146	146000.0	2.314e-09
147	147000.0	2.192e-09
148	148000.0	2.0779999999999996e-09
149	149000.0	1.971e-09
150	150000.0	1.872e-09
151	151000.0	1.78e-09
152	152000.0	1.693e-09
153	153000.0	1.612e-09
154	154000.0	1.5359999999999999e-09
155	155000.0	1.4640000000000001e-09
156	156000.0	1.397e-09
157	157000.0	1.334e-09
158	158000.0	1.2749999999999998e-09
159	159000.0	1.2180000000000001e-09
160	160000.0	1.1660000000000001e-09
161	161000.0	1.116e-09
162	162000.0	1.068e-09
163	163000.0	1.024e-09
164	164000.0	9.813000000000001e-10
165	165000.0	9.412e-10
166	166000.0	9.032e-10
167	167000.0	8.671e-10
168	168000.0	8.328000000000001e-10
169	169000.0	8.002e-10
170	170000.0	7.692e-10
171	171000.0	7.398000000000001e-10
172	172000.0	7.117e-10
173	173000.0	6.849000000000001e-10
174	174000.0	6.594e-10
175	175000.0	6.351e-10
176	176000.0	6.119e-10
177	177000.0	5.897e-10
178	178000.0	5.686e-10
179	179000.0	5.483e-10
180	180000.0	5.289999999999999e-10
181	181000.0	5.104e-10
182	182000.0	4.927e-10
183	183000.0	4.757e-10
184	184000.0	4.5940000000000004e-10
185	185000.0	4.438e-10
186	186000.0	4.2890000000000004e-10
187	187000.0	4.145e-10
188	188000.0	4.008e-10
189	189000.0	3.875e-10
190	190000.0	3.748e-10
191	191000.0	3.6259999999999997e-10
192	192000.0	3.509e-10
193	193000.0	3.3970000000000003e-10
194	194000.0	3.2880000000000004e-10
195	195000.0	3.184e-10
196	196000.0	3.084e-10
197	197000.0	2.9869999999999996e-10
198	198000.0	2.894e-10
199	199000.0	2.804e-10
200	200000.0	2.7180000000000003e-10
201	201000.0	2.6349999999999997e-10
202	202000.0	2.555e-10
203	203000.0	2.478e-10
204	204000.0	2.403e-10
205	205000.0	2.331e-10
206	206000.0	2.262e-10
207	207000.0	2.195e-10
208	208000.0	2.13e-10
209	209000.0	2.0680000000000003e-10
210	210000.0	2.007e-10
211	211000.0	1.9490000000000002e-10
212	212000.0	1.893e-10
213	213000.0	1.838e-10
214	214000.0	1.7859999999999998e-10
215	215000.0	1.735e-10
216	216000.0	1.6860000000000002e-10
217	217000.0	1.638e-10
218	218000.0	1.592e-10
219	219000.0	1.5470000000000002e-10
220	220000.0	1.504e-10
221	221000.0	1.463e-10
222	222000.0	1.4219999999999998e-10
223	223000.0	1.383e-10
224	224000.0	1.345e-10
225	225000.0	1.309e-10
226	226000.0	1.273e-10
227	227000.0	1.239e-10
228	228000.0	1.205e-10
229	229000.0	1.173e-10
230	230000.0	1.1409999999999999e-10
231	231000.0	1.111e-10
232	232000.0	1.082e-10
233	233000.0	1.053e-10
234	234000.0	1.0250000000000001e-10
235	235000.0	9.983999999999999e-11
236	236000.0	9.723000000000001e-11
237	237000.0	9.469e-11
238	238000.0	9.224e-11
239	239000.0	8.985e-11
240	240000.0	8.754e-11
241	241000.0	8.529e-11
242	242000.0	8.311e-11
243	243000.0	8.099000000000001e-11
244	244000.0	7.892999999999999e-11
245	245000.0	7.693e-11
246	246000.0	7.499e-11
247	247000.0	7.31e-11
248	248000.0	7.126999999999999e-11
249	249000.0	6.949e-11
250	250000.0	6.776000000000001e-11
251	251000.0	6.607e-11
252	252000.0	6.444e-11
253	253000.0	6.285000000000001e-11
254	254000.0	6.13e-11
255	255000.0	5.979999999999999e-11
256	256000.0	5.833000000000001e-11
257	257000.0	5.6909999999999994e-11
258	258000.0	5.553e-11
259	259000.0	5.418e-11
260	260000.0	5.2879999999999996e-11
261	261000.0	5.16e-11
262	262000.0	5.036e-11
263	263000.0	4.916e-11
264	264000.0	4.798e-11
265	265000.0	4.6839999999999997e-11
266	266000.0	4.573e-11
267	267000.0	4.4649999999999996e-11
268	268000.0	4.359e-11
269	269000.0	4.257e-11
270	270000.0	4.157e-11
271	271000.0	4.059e-11
272	272000.0	3.965e-11
273	273000.0	3.8719999999999997e-11
274	274000.0	3.782e-11
275	275000.0	3.6950000000000006e-11
276	276000.0	3.609e-11
277	277000.0	3.5259999999999996e-11
278	278000.0	3.445e-11
279	279000.0	3.3659999999999997e-11
280	280000.0	3.289e-11
281	281000.0	3.2140000000000005e-11
282	282000.0	3.1410000000000004e-11
283	283000.0	3.0699999999999995e-11
284	284000.0	3e-11
285	285000.0	2.933e-11
286	286000.0	2.867e-11
287	287000.0	2.802e-11
288	288000.0	2.7399999999999997e-11
289	289000.0	2.678e-11
290	290000.0	2.619e-11
291	291000.0	2.56e-11
292	292000.0	2.5039999999999998e-11
293	293000.0	2.448e-11
294	294000.0	2.394e-11
295	295000.0	2.341e-11
296	296000.0	2.29e-11
297	297000.0	2.24e-11
298	298000.0	2.1910000000000002e-11
299	299000.0	2.143e-11
300	300000.0	2.096e-11
301	301000.0	2.05e-11
302	302000.0	2.006e-11
303	303000.0	1.963e-11
304	304000.0	1.92e-11
305	305000.0	1.879e-11
306	306000.0	1.838e-11
307	307000.0	1.799e-11
308	308000.0	1.76e-11
309	309000.0	1.7229999999999998e-11
310	310000.0	1.686e-11
311	311000.0	1.6499999999999998e-11
312	312000.0	1.615e-11
313	313000.0	1.581e-11
314	314000.0	1.548e-11
315	315000.0	1.515e-11
316	316000.0	1.4830000000000002e-11
317	317000.0	1.452e-11
318	318000.0	1.421e-11
319	319000.0	1.392e-11
320	320000.0	1.3629999999999999e-11
321	321000.0	1.334e-11
322	322000.0	1.306e-11
323	323000.0	1.279e-11
324	324000.0	1.253e-11
325	325000.0	1.227e-11
326	326000.0	1.201e-11
327	327000.0	1.177e-11
328	328000.0	1.152e-11
329	329000.0	1.129e-11
330	330000.0	1.106e-11
331	331000.0	1.083e-11
332	332000.0	1.061e-11
333	333000.0	1.039e-11
334	334000.0	1.018e-11
335	335000.0	9.974e-12
336	336000.0	9.772e-12
337	337000.0	9.574e-12
338	338000.0	9.381e-12
339	339000.0	9.191e-12
340	340000.0	9.006e-12
341	341000.0	8.825e-12
342	342000.0	8.648e-12
343	343000.0	8.475e-12
344	344000.0	8.305e-12
345	345000.0	8.139e-12
346	346000.0	7.977e-12
347	347000.0	7.818000000000001e-12
348	348000.0	7.663e-12
349	349000.0	7.51e-12
350	350000.0	7.361999999999999e-12
351	351000.0	7.216000000000001e-12
352	352000.0	7.074e-12
353	353000.0	6.934e-12
354	354000.0	6.798e-12
355	355000.0	6.664e-12
356	356000.0	6.5330000000000005e-12
357	357000.0	6.4049999999999995e-12
358	358000.0	6.28e-12
359	359000.0	6.157e-12
360	360000.0	6.037e-12
361	361000.0	5.919e-12
362	362000.0	5.804e-12
363	363000.0	5.691000000000001e-12
364	364000.0	5.581e-12
365	365000.0	5.473000000000001e-12
366	366000.0	5.367e-12
367	367000.0	5.264e-12
368	368000.0	5.162e-12
369	369000.0	5.063e-12
370	370000.0	4.965e-12
371	371000.0	4.87e-12
372	372000.0	4.777e-12
373	373000.0	4.685e-12
374	374000.0	4.595999999999999e-12
375	375000.0	4.508e-12
376	376000.0	4.4219999999999995e-12
377	377000.0	4.3379999999999995e-12
378	378000.0	4.255e-12
379	379000.0	4.1740000000000006e-12
380	380000.0	4.095e-12
381	381000.0	4.018e-12
382	382000.0	3.942e-12
383	383000.0	3.8669999999999996e-12
384	384000.0	3.793999999999999e-12
385	385000.0	3.723e-12
386	386000.0	3.653e-12
387	387000.0	3.5839999999999997e-12
388	388000.0	3.517e-12
389	389000.0	3.4509999999999997e-12
390	390000.0	3.3860000000000003e-12
391	391000.0	3.3230000000000003e-12
392	392000.0	3.261e-12
393	393000.0	3.2e-12
394	394000.0	3.141e-12
395	395000.0	3.082e-12
396	396000.0	3.025e-12
397	397000.0	2.969e-12
398	398000.0	2.914e-12
399	399000.0	2.86e-12
400	400000.0	2.807e-12
401	401000.0	2.755e-12
402	402000.0	2.704e-12
403	403000.0	2.6540000000000002e-12
404	404000.0	2.606e-12
405	405000.0	2.5580000000000002e-12
406	406000.0	2.511e-12
407	407000.0	2.465e-12
408	408000.0	2.4199999999999998e-12
409	409000.0	2.3750000000000003e-12
410	410000.0	2.332e-12
411	411000.0	2.289e-12
412	412000.0	2.2479999999999997e-12
413	413000.0	2.207e-12
414	414000.0	2.167e-12
415	415000.0	2.127e-12
416	416000.0	2.0889999999999997e-12
417	417000.0	2.051e-12
418	418000.0	2.014e-12
419	419000.0	1.977e-12
420	420000.0	1.942e-12
421	421000.0	1.907e-12
422	422000.0	1.872e-12
423	423000.0	1.838e-12
424	424000.0	1.8049999999999999e-12
425	425000.0	1.773e-12
426	426000.0	1.7410000000000002e-12
427	427000.0	1.71e-12
428	428000.0	1.679e-12
429	429000.0	1.649e-12
430	430000.0	1.6200000000000002e-12
431	431000.0	1.591e-12
432	432000.0	1.563e-12
433	433000.0	1.535e-12
434	434000.0	1.508e-12
435	435000.0	1.481e-12
436	436000.0	1.455e-12
437	437000.0	1.4289999999999999e-12
438	438000.0	1.4039999999999999e-12
439	439000.0	1.3789999999999999e-12
440	440000.0	1.3539999999999999e-12
441	441000.0	1.33e-12
442	442000.0	1.307e-12
443	443000.0	1.284e-12
444	444000.0	1.261e-12
445	445000.0	1.239e-12
446	446000.0	1.218e-12
447	447000.0	1.196e-12
448	448000.0	1.175e-12
449	449000.0	1.155e-12
450	450000.0	1.135e-12
451	451000.0	1.115e-12
452	452000.0	1.095e-12
453	453000.0	1.0759999999999999e-12
454	454000.0	1.058e-12
455	455000.0	1.039e-12
456	456000.0	1.021e-12
457	457000.0	1.004e-12
458	458000.0	9.861e-13
459	459000.0	9.691e-13
460	460000.0	9.524e-13
461	461000.0	9.359e-13
462	462000.0	9.198e-13
463	463000.0	9.040000000000001e-13
464	464000.0	8.884e-13
465	465000.0	8.732e-13
466	466000.0	8.582e-13
467	467000.0	8.435e-13
468	468000.0	8.291e-13
469	469000.0	8.149e-13
470	470000.0	8.01e-13
471	471000.0	7.873e-13
472	472000.0	7.739e-13
473	473000.0	7.607999999999999e-13
474	474000.0	7.478e-13
475	475000.0	7.351e-13
476	476000.0	7.226999999999999e-13
477	477000.0	7.104e-13
478	478000.0	6.983999999999999e-13
479	479000.0	6.865999999999999e-13
480	480000.0	6.750000000000001e-13
481	481000.0	6.637e-13
482	482000.0	6.525e-13
483	483000.0	6.414999999999999e-13
484	484000.0	6.308e-13
485	485000.0	6.202e-13
486	486000.0	6.098e-13
487	487000.0	5.996e-13
488	488000.0	5.895999999999999e-13
489	489000.0	5.797e-13
490	490000.0	5.701000000000001e-13
491	491000.0	5.606e-13
492	492000.0	5.513e-13
493	493000.0	5.421e-13
494	494000.0	5.331e-13
495	495000.0	5.243e-13
496	496000.0	5.156e-13
497	497000.0	5.071e-13
498	498000.0	4.987e-13
499	499000.0	4.905e-13
500	500000.0	4.824e-13
501	501000.0	4.745e-13
502	502000.0	4.667e-13
503	503000.0	4.591e-13
504	504000.0	4.5159999999999996e-13
505	505000.0	4.442e-13
506	506000.0	4.369e-13
507	507000.0	4.298e-13
508	508000.0	4.228e-13
509	509000.0	4.159e-13
510	510000.0	4.092e-13
511	511000.0	4.025e-13
512	512000.0	3.96e-13
513	513000.0	3.8960000000000003e-13
514	514000.0	3.833e-13
515	515000.0	3.7710000000000003e-13
516	516000.0	3.711e-13
517	517000.0	3.6510000000000003e-13
518	518000.0	3.592e-13
519	519000.0	3.5349999999999996e-13
520	520000.0	3.478e-13
521	521000.0	3.423e-13
522	522000.0	3.3680000000000004e-13
523	523000.0	3.3140000000000003e-13
524	524000.0	3.262e-13
525	525000.0	3.21e-13
526	526000.0	3.159e-13
527	527000.0	3.1089999999999997e-13
528	528000.0	3.06e-13
529	529000.0	3.011e-13
530	530000.0	2.964e-13
531	531000.0	2.917e-13
532	532000.0	2.871e-13
533	533000.0	2.826e-13
534	534000.0	2.782e-13
535	535000.0	2.738e-13
536	536000.0	2.696e-13
537	537000.0	2.6539999999999996e-13
538	538000.0	2.612e-13
539	539000.0	2.572e-13
540	540000.0	2.532e-13
541	541000.0	2.4929999999999996e-13
542	542000.0	2.454e-13
543	543000.0	2.416e-13
544	544000.0	2.379e-13
545	545000.0	2.342e-13
546	546000.0	2.306e-13
547	547000.0	2.2709999999999999e-13
548	548000.0	2.2360000000000003e-13
549	549000.0	2.202e-13
550	550000.0	2.1690000000000001e-13
551	551000.0	2.1360000000000002e-13
552	552000.0	2.1030000000000002e-13
553	553000.0	2.071e-13
554	554000.0	2.0400000000000001e-13
555	555000.0	2.009e-13
556	556000.0	1.979e-13
557	557000.0	1.949e-13
558	558000.0	1.92e-13
559	559000.0	1.891e-13
560	560000.0	1.863e-13
561	561000.0	1.835e-13
562	562000.0	1.807e-13
563	563000.0	1.78e-13
564	564000.0	1.754e-13
565	565000.0	1.7279999999999998e-13
566	566000.0	1.7020000000000002e-13
567	567000.0	1.6769999999999998e-13
568	568000.0	1.6529999999999999e-13
569	569000.0	1.628e-13
570	570000.0	1.604e-13
571	571000.0	1.581e-13
572	572000.0	1.558e-13
573	573000.0	1.535e-13
574	574000.0	1.513e-13
575	575000.0	1.491e-13
576	576000.0	1.469e-13
577	577000.0	1.448e-13
578	578000.0	1.4270000000000001e-13
579	579000.0	1.407e-13
580	580000.0	1.386e-13
581	581000.0	1.3670000000000001e-13
582	582000.0	1.347e-13
583	583000.0	1.328e-13
584	584000.0	1.309e-13
585	585000.0	1.29e-13
586	586000.0	1.272e-13
587	587000.0	1.254e-13
588	588000.0	1.236e-13
589	589000.0	1.219e-13
590	590000.0	1.202e-13
591	591000.0	1.185e-13
592	592000.0	1.169e-13
593	593000.0	1.152e-13
594	594000.0	1.1360000000000002e-13
595	595000.0	1.1210000000000001e-13
596	596000.0	1.105e-13
597	597000.0	1.0899999999999999e-13
598	598000.0	1.075e-13
599	599000.0	1.06e-13
600	600000.0	1.046e-13
601	601000.0	1.031e-13
602	602000.0	1.0170000000000001e-13
603	603000.0	1.003e-13
604	604000.0	9.898e-14
605	605000.0	9.764e-14
606	606000.0	9.633e-14
607	607000.0	9.503e-14
608	608000.0	9.376e-14
609	609000.0	9.251e-14
610	610000.0	9.127e-14
611	611000.0	9.006e-14
612	612000.0	8.887e-14
613	613000.0	8.769e-14
614	614000.0	8.654e-14
615	615000.0	8.540000000000001e-14
616	616000.0	8.428e-14
617	617000.0	8.318e-14
618	618000.0	8.209000000000001e-14
619	619000.0	8.103e-14
620	620000.0	7.997999999999999e-14
621	621000.0	7.893999999999999e-14
622	622000.0	7.793e-14
623	623000.0	7.693e-14
624	624000.0	7.593999999999999e-14
625	625000.0	7.497e-14
626	626000.0	7.402000000000001e-14
627	627000.0	7.308e-14
628	628000.0	7.215999999999999e-14
629	629000.0	7.125e-14
630	630000.0	7.035e-14
631	631000.0	6.946999999999999e-14
632	632000.0	6.859999999999999e-14
633	633000.0	6.775e-14
634	634000.0	6.691e-14
635	635000.0	6.608000000000001e-14
636	636000.0	6.526e-14
637	637000.0	6.446e-14
638	638000.0	6.367e-14
639	639000.0	6.289e-14
640	640000.0	6.213e-14
641	641000.0	6.137e-14
642	642000.0	6.063e-14
643	643000.0	5.99e-14
644	644000.0	5.918e-14
645	645000.0	5.847e-14
646	646000.0	5.778e-14
647	647000.0	5.709e-14
648	648000.0	5.641e-14
649	649000.0	5.575000000000001e-14
650	650000.0	5.509e-14
651	651000.0	5.4440000000000006e-14
652	652000.0	5.381e-14
653	653000.0	5.318e-14
654	654000.0	5.256e-14
655	655000.0	5.196e-14
656	656000.0	5.1359999999999995e-14
657	657000.0	5.0769999999999995e-14
658	658000.0	5.019e-14
659	659000.0	4.961e-14
660	660000.0	4.9049999999999997e-14
661	661000.0	4.85e-14
662	662000.0	4.795e-14
663	663000.0	4.7410000000000003e-14
664	664000.0	4.688e-14
665	665000.0	4.6360000000000004e-14
666	666000.0	4.5840000000000003e-14
667	667000.0	4.534e-14
668	668000.0	4.484e-14
669	669000.0	4.4340000000000003e-14
670	670000.0	4.386e-14
671	671000.0	4.338e-14
672	672000.0	4.291e-14
673	673000.0	4.245e-14
674	674000.0	4.199e-14
675	675000.0	4.154e-14
676	676000.0	4.109e-14
677	677000.0	4.066e-14
678	678000.0	4.022e-14
679	679000.0	3.98e-14
680	680000.0	3.938e-14
681	681000.0	3.8970000000000003e-14
682	682000.0	3.8559999999999995e-14
683	683000.0	3.816e-14
684	684000.0	3.776e-14
685	685000.0	3.7369999999999996e-14
686	686000.0	3.6989999999999996e-14
687	687000.0	3.661e-14
688	688000.0	3.624e-14
689	689000.0	3.5869999999999996e-14
690	690000.0	3.5510000000000005e-14
691	691000.0	3.515e-14
692	692000.0	3.48e-14
693	693000.0	3.4449999999999995e-14
694	694000.0	3.411e-14
695	695000.0	3.377e-14
696	696000.0	3.344e-14
697	697000.0	3.311e-14
698	698000.0	3.279e-14
699	699000.0	3.247e-14
700	700000.0	3.215e-14
701	701000.0	3.184e-14
702	702000.0	3.153e-14
703	703000.0	3.1229999999999997e-14
704	704000.0	3.093e-14
705	705000.0	3.0639999999999996e-14
706	706000.0	3.0350000000000004e-14
707	707000.0	3.006e-14
708	708000.0	2.978e-14
709	709000.0	2.95e-14
710	710000.0	2.9230000000000005e-14
711	711000.0	2.896e-14
712	712000.0	2.8689999999999996e-14
713	713000.0	2.843e-14
714	714000.0	2.8169999999999998e-14
715	715000.0	2.791e-14
716	716000.0	2.766e-14
717	717000.0	2.741e-14
718	718000.0	2.716e-14
719	719000.0	2.6919999999999997e-14
720	720000.0	2.668e-14
721	721000.0	2.645e-14
722	722000.0	2.6210000000000003e-14
723	723000.0	2.598e-14
724	724000.0	2.575e-14
725	725000.0	2.553e-14
726	726000.0	2.5309999999999998e-14
727	727000.0	2.509e-14
728	728000.0	2.4870000000000002e-14
729	729000.0	2.466e-14
730	730000.0	2.445e-14
731	731000.0	2.424e-14
732	732000.0	2.404e-14
733	733000.0	2.384e-14
734	734000.0	2.364e-14
735	735000.0	2.344e-14
736	736000.0	2.324e-14
737	737000.0	2.305e-14
738	738000.0	2.286e-14
739	739000.0	2.267e-14
740	740000.0	2.249e-14
741	741000.0	2.231e-14
742	742000.0	2.213e-14
743	743000.0	2.195e-14
744	744000.0	2.177e-14
745	745000.0	2.1599999999999998e-14
746	746000.0	2.143e-14
747	747000.0	2.126e-14
748	748000.0	2.109e-14
749	749000.0	2.092e-14
750	750000.0	2.076e-14
751	751000.0	2.0600000000000002e-14
752	752000.0	2.044e-14
753	753000.0	2.028e-14
754	754000.0	2.013e-14
755	755000.0	1.9970000000000002e-14
756	756000.0	1.982e-14
757	757000.0	1.967e-14
758	758000.0	1.9520000000000002e-14
759	759000.0	1.938e-14
760	760000.0	1.923e-14
761	761000.0	1.909e-14
762	762000.0	1.8949999999999998e-14
763	763000.0	1.881e-14
764	764000.0	1.867e-14
765	765000.0	1.8529999999999998e-14
766	766000.0	1.84e-14
767	767000.0	1.826e-14
768	768000.0	1.813e-14
769	769000.0	1.8e-14
770	770000.0	1.787e-14
771	771000.0	1.774e-14
772	772000.0	1.762e-14
773	773000.0	1.749e-14
774	774000.0	1.737e-14
775	775000.0	1.725e-14
776	776000.0	1.7130000000000002e-14
777	777000.0	1.701e-14
778	778000.0	1.6889999999999998e-14
779	779000.0	1.677e-14
780	780000.0	1.666e-14
781	781000.0	1.654e-14
782	782000.0	1.643e-14
783	783000.0	1.632e-14
784	784000.0	1.6209999999999998e-14
785	785000.0	1.61e-14
786	786000.0	1.599e-14
787	787000.0	1.5890000000000002e-14
788	788000.0	1.578e-14
789	789000.0	1.568e-14
790	790000.0	1.557e-14
791	791000.0	1.547e-14
792	792000.0	1.5370000000000002e-14
793	793000.0	1.527e-14
794	794000.0	1.517e-14
795	795000.0	1.507e-14
796	796000.0	1.4969999999999998e-14
797	797000.0	1.4880000000000002e-14
798	798000.0	1.478e-14
799	799000.0	1.4690000000000002e-14
800	800000.0	1.46e-14
801	801000.0	1.45e-14
802	802000.0	1.441e-14
803	803000.0	1.4320000000000002e-14
804	804000.0	1.423e-14
805	805000.0	1.415e-14
806	806000.0	1.406e-14
807	807000.0	1.397e-14
808	808000.0	1.388e-14
809	809000.0	1.38e-14
810	810000.0	1.3719999999999999e-14
811	811000.0	1.3630000000000001e-14
812	812000.0	1.355e-14
813	813000.0	1.347e-14
814	814000.0	1.339e-14
815	815000.0	1.3309999999999999e-14
816	816000.0	1.323e-14
817	817000.0	1.315e-14
818	818000.0	1.307e-14
819	819000.0	1.299e-14
820	820000.0	1.292e-14
821	821000.0	1.2839999999999999e-14
822	822000.0	1.277e-14
823	823000.0	1.2689999999999999e-14
824	824000.0	1.262e-14
825	825000.0	1.2550000000000001e-14
826	826000.0	1.2470000000000001e-14
827	827000.0	1.24e-14
828	828000.0	1.233e-14
829	829000.0	1.226e-14
830	830000.0	1.2190000000000001e-14
831	831000.0	1.212e-14
832	832000.0	1.205e-14
833	833000.0	1.199e-14
834	834000.0	1.192e-14
835	835000.0	1.185e-14
836	836000.0	1.179e-14
837	837000.0	1.172e-14
838	838000.0	1.166e-14
839	839000.0	1.1590000000000001e-14
840	840000.0	1.153e-14
841	841000.0	1.147e-14
842	842000.0	1.1399999999999999e-14
843	843000.0	1.134e-14
844	844000.0	1.128e-14
845	845000.0	1.122e-14
846	846000.0	1.1160000000000001e-14
847	847000.0	1.11e-14
848	848000.0	1.104e-14
849	849000.0	1.098e-14
850	850000.0	1.092e-14
851	851000.0	1.087e-14
852	852000.0	1.081e-14
853	853000.0	1.075e-14
854	854000.0	1.069e-14
855	855000.0	1.0640000000000001e-14
856	856000.0	1.058e-14
857	857000.0	1.053e-14
858	858000.0	1.047e-14
859	859000.0	1.042e-14
860	860000.0	1.037e-14
861	861000.0	1.0309999999999999e-14
862	862000.0	1.0259999999999999e-14
863	863000.0	1.021e-14
864	864000.0	1.0150000000000001e-14
865	865000.0	1.0100000000000001e-14
866	866000.0	1.005e-14
867	867000.0	1e-14
868	868000.0	9.95e-15
869	869000.0	9.899999999999999e-15
870	870000.0	9.85e-15
871	871000.0	9.801e-15
872	872000.0	9.752e-15
873	873000.0	9.704e-15
874	874000.0	9.656e-15
875	875000.0	9.608e-15
876	876000.0	9.56e-15
877	877000.0	9.513e-15
878	878000.0	9.466e-15
879	879000.0	9.420000000000001e-15
880	880000.0	9.374e-15
881	881000.0	9.328e-15
882	882000.0	9.283e-15
883	883000.0	9.237999999999999e-15
884	884000.0	9.193000000000001e-15
885	885000.0	9.149e-15
886	886000.0	9.105000000000001e-15
887	887000.0	9.061e-15
888	888000.0	9.018e-15
889	889000.0	8.975000000000001e-15
890	890000.0	8.931999999999999e-15
891	891000.0	8.888999999999999e-15
892	892000.0	8.847e-15
893	893000.0	8.805e-15
894	894000.0	8.764000000000001e-15
895	895000.0	8.723e-15
896	896000.0	8.682e-15
897	897000.0	8.641e-15
898	898000.0	8.600000000000001e-15
899	899000.0	8.56e-15
900	900000.0	8.52e-15
901	901000.0	8.481e-15
902	902000.0	8.441e-15
903	903000.0	8.402e-15
904	904000.0	8.364e-15
905	905000.0	8.325e-15
906	906000.0	8.287e-15
907	907000.0	8.249e-15
908	908000.0	8.211e-15
909	909000.0	8.173e-15
910	910000.0	8.136000000000001e-15
911	911000.0	8.099e-15
912	912000.0	8.062e-15
913	913000.0	8.026e-15
914	914000.0	7.989e-15
915	915000.0	7.953000000000001e-15
916	916000.0	7.918000000000001e-15
917	917000.0	7.882e-15
918	918000.0	7.847e-15
919	919000.0	7.811e-15
920	920000.0	7.775999999999999e-15
921	921000.0	7.742e-15
922	922000.0	7.707e-15
923	923000.0	7.673000000000001e-15
924	924000.0	7.639000000000001e-15
925	925000.0	7.605000000000001e-15
926	926000.0	7.571999999999999e-15
927	927000.0	7.537999999999999e-15
928	928000.0	7.505e-15
929	929000.0	7.472e-15
930	930000.0	7.439e-15
931	931000.0	7.407e-15
932	932000.0	7.373999999999999e-15
933	933000.0	7.342e-15
934	934000.0	7.310000000000001e-15
935	935000.0	7.277999999999999e-15
936	936000.0	7.247e-15
937	937000.0	7.215e-15
938	938000.0	7.184e-15
939	939000.0	7.153000000000001e-15
940	940000.0	7.122e-15
941	941000.0	7.091e-15
942	942000.0	7.060999999999999e-15
943	943000.0	7.03e-15
944	944000.0	6.999999999999999e-15
945	945000.0	6.970000000000001e-15
946	946000.0	6.9410000000000006e-15
947	947000.0	6.911e-15
948	948000.0	6.882e-15
949	949000.0	6.852e-15
950	950000.0	6.823e-15
951	951000.0	6.794e-15
952	952000.0	6.765e-15
953	953000.0	6.737e-15
954	954000.0	6.708e-15
955	955000.0	6.68e-15
956	956000.0	6.652e-15
957	957000.0	6.624e-15
958	958000.0	6.596e-15
959	959000.0	6.569e-15
960	960000.0	6.541e-15
961	961000.0	6.5140000000000005e-15
962	962000.0	6.487e-15
963	963000.0	6.46e-15
964	964000.0	6.433e-15
965	965000.0	6.4059999999999996e-15
966	966000.0	6.379e-15
967	967000.0	6.353e-15
968	968000.0	6.3270000000000005e-15
969	969000.0	6.301e-15
970	970000.0	6.2750000000000004e-15
971	971000.0	6.2489999999999996e-15
972	972000.0	6.2229999999999996e-15
973	973000.0	6.197e-15
974	974000.0	6.172e-15
975	975000.0	6.147e-15
976	976000.0	6.121e-15
977	977000.0	6.096e-15
978	978000.0	6.071e-15
979	979000.0	6.047000000000001e-15
980	980000.0	6.022e-15
981	981000.0	5.9969999999999994e-15
982	982000.0	5.973e-15
983	983000.0	5.9489999999999994e-15
984	984000.0	5.925e-15
985	985000.0	5.9009999999999994e-15
986	986000.0	5.877e-15
987	987000.0	5.853e-15
988	988000.0	5.829000000000001e-15
989	989000.0	5.806e-15
990	990000.0	5.782e-15
991	991000.0	5.759e-15
992	992000.0	5.736e-15
993	993000.0	5.713e-15
994	994000.0	5.69e-15
995	995000.0	5.667e-15
996	996000.0	5.644999999999999e-15
997	997000.0	5.6219999999999995e-15
998	998000.0	5.6e-15
999	999000.0	5.577e-15
1000	1000000.0	5.555e-15
