0.0
0.0
2.654269337654114e-07
1.5944242477416992e-06
5.315989255905151e-06
1.3289973139762878e-05
2.7908943593502045e-05
5.209539085626602e-05
8.930638432502747e-05
0.000143527053296566
0.00021927617490291595
0.00032160431146621704
0.000456090085208416
0.0006288476288318634
0.0008465200662612915
0.0011162813752889633
0.0014458373188972473
0.0018434254452586174
0.0023178132250905037
0.0028782980516552925
0.003534710966050625
0.004297411069273949
0.005177288316190243
0.006185764446854591
0.007334791123867035
0.008636849001049995
0.010104951448738575
0.011752639897167683
0.013593984767794609
0.015643587335944176
0.017916579730808735
0.020428620278835297
0.02319590002298355
0.02623513713479042
0.02956357877701521
0.03319900017231703
0.037159706465899944
0.04146453086286783
0.04613283462822437
0.05118450615555048
0.05663996282964945
0.0625201491639018
0.06884653680026531
0.07564112450927496
0.08292643819004297
0.09072552993893623
0.09906197898089886
0.10795988980680704
0.11744389403611422
0.1275391485542059
0.1382713345810771
0.1496666595339775
0.1617518560960889
0.17455418035387993
0.18810141365975142
0.20242186170071363
0.2175443535670638
0.23349824082106352
0.2503133984282613
0.2680202266201377
0.2866496443748474
0.30623309686779976
0.32680254708975554
0.34839048236608505
0.3710299115628004
0.39475436322391033
0.41959788650274277
0.4455950502306223
0.47278094477951527
0.5011911783367395
0.5308618787676096
0.561829692684114
0.5941317863762379
0.6278058411553502
0.6628900580108166
0.699423155747354
0.7374443681910634
0.776993446983397
0.8181106578558683
0.8608367843553424
0.9052131241187453
0.9512814888730645
0.9990842053666711
1.0486641135066748
1.100064568221569
1.1533294366672635
1.2085030963644385
1.2656304389238358
1.3247568681836128
1.3859282983466983
1.4491911521181464
1.5145923653617501
1.5821793815121055
1.6520001543685794
1.7241031471639872
1.798537328839302
1.8753521768376231
1.954597677104175
2.0363243212923408
2.1205831058323383
2.207425534725189
2.29690361674875
2.3890698635950685
2.4839772917330265
2.58167942147702
2.6822302751243114
2.7856843788176775
2.892096757888794
3.001522940583527
3.114018954336643
3.2296413285657763
3.3484470900148153
3.4704937655478716
3.5958393793553114
3.724542452953756
3.8566620061174035
3.9922575540840626
4.131389106623828
4.274117169901729
4.4205027455464005
4.570607326924801
4.724492901004851
4.882221948355436
5.0438574412837625
5.209462841041386
5.379102102480829
5.552839667536318
5.730740469880402
5.912869929336011
6.099293955601752
6.290078944526613
6.485291778109968
6.684999824501574
6.8892709370702505
7.098173452541232
7.311776191927493
7.5301484586670995
7.753360039554536
7.981481201946735
8.214582692831755
8.452735740691423
8.696012052707374
8.944483814761043
9.1982236886397
9.457304815761745
9.721800812520087
9.991785769350827
10.267334252595901
10.548521301709116
10.835422430187464
11.128113621845841
11.426671334542334
11.731172494590282
12.041694498620927
12.358315212652087
12.681112971156836
13.010166574269533
13.345555289648473
13.687358850613236
14.035657455213368
14.390531766228378
14.752062908373773
15.120332468301058
15.495422495529056
15.87741549871862
16.266394446603954
16.66244276612997
17.06564434338361
17.476083520799875
17.89384509716183
18.31901432480663
18.751676912419498
19.191919021308422
19.639827266335487
20.095488710328937
20.55899087153375
21.030421713367105
21.50986965186894
21.997423547320068
22.493172709830105
22.997206893749535
23.509616300463676
24.030491571873426
24.559923795051873
25.098004499450326
25.644825654104352
26.20047967042774
26.765059395693243
27.338658118620515
27.921369562856853
28.51328788883984
29.114507692866027
29.72512400522828
30.345232287421823
30.974928434938192
31.614308772608638
32.26347005739808
32.92250947467983
33.591524636372924
34.27061358373612
34.959874781779945
35.65940712019801
36.36930991336703
37.08968289848417
37.82062623370439
38.56224049907178
39.31462669186294
40.07788622844964
40.85212094336748
41.637433087453246
42.43392532505095
43.241700735874474
44.06086281128228
44.89151545614004
45.73376298509538
46.58771012164652
47.45346199721098
48.331124152988195
49.220802534371614
50.12260349094868
51.036633778363466
51.96300055272877
52.90181137342006
53.8531742002815
54.817197389900684
55.793989699333906
56.783660281449556
57.78631868492812
58.80207485333085
59.83103912137449
60.87332221958786
61.92903526593
62.998289769515395
64.08119762968272
65.17787112947553
66.28842293936759
67.4129661154002
68.55161409731954
69.70448070485145
70.87168014235795
72.05332699231803
73.24953621439636
74.46042314823717
75.6861035078764
76.92669338174164
78.18230923451483
79.45306789968163
80.73908658418804
82.04048286471516
83.35737468488514
84.68988035712391
86.0381185580045
87.40220833104104
88.7822690801695
90.17842057347298
91.5907829394564
93.0194766651839
94.46462259627879
95.9263419341296
97.40475623682141
98.89998741541058
100.41215773578733
101.94138981215656
103.48780660983175
105.05153144337237
106.63268797565252
108.23140021320432
109.8477925080806
111.48198955506086
113.13411639258265
114.80429839715362
116.49266128521413
118.19933111127466
119.92443426698446
121.66809747647494
123.43044779915363
125.21161262597889
127.0117196785286
128.83089700806886
130.66927299369127
132.52697633951902
134.40413607656956
136.3008815580979
138.21734246052802
140.15364877972752
142.10993083100766
144.086319248192
146.08294498268515
148.09993929695338
150.1374337701127
152.19556029234082
154.27445106301457
156.37423859350383
158.49505569972098
160.63703550491482
162.80031143687665
164.9850172251463
167.1912869028747
169.41925480216742
171.66905555408448
173.94082408584654
176.23469562083483
178.5508056767285
180.88929006271064
183.2502848803997
185.63392652012408
188.04035165905952
190.4696972630918
192.9221005802974
195.39769914373755
197.89663076773286
200.41903354600072
202.96504585258663
205.53480633720756
208.12845392618328
210.7461278187111
213.3879674859345
216.05411267094314
218.74470338597894
221.45987990964204
224.1997827878222
226.9645528299734
229.754331109114
232.5692589590326
235.40947797242552
238.27513000089675
241.16635715123266
244.08330178726465
247.02610652521253
249.99491423089057
252.98986802157015
256.0111112622544
259.05878756474704
262.1330407867208
265.2340150270611
268.36185462772846
271.51670417096466
274.6987084764987
277.90801260154694
281.1447618370876
284.4091017097235
287.70117797423154
291.02113661915064
294.3691238583997
297.74528613500297
301.1497701155022
304.5827226890251
308.04429096821696
311.5346222836524
315.05386418569833
318.602164439857
322.1796710276976
325.7865321421996
329.42289618961513
333.08891178295016
336.7847277475521
340.51049310993403
344.2663571033627
348.0524691650644
351.86897893156856
355.7160362387076
359.593791118823
363.5023938026279
367.44199471268803
371.4127444643527
375.41479386296123
379.44829390384257
383.5133957667276
387.61025081854314
391.7390106096864
395.8998268712312
400.09285151492804
404.3182366285473
408.576134477742
412.8666975023225
417.1900783153251
421.5464296992868
425.93590460624546
430.3586561558768
434.8148376336321
439.3046024860814
443.82810432557017
448.385496920906
452.9769342010841
457.60257024969906
462.2625593058765
466.95705576241016
471.68621416110545
476.4501891937107
481.24913569912314
486.0832086605951
490.9525632057339
495.85735460277647
500.79773826152086
505.7738697277382
510.785904684104
515.8339989474043
520.9183084657416
526.038989319466
531.1961977155879
536.3900899896398
541.620822600089
546.8885521283373
552.1934352777898
557.5356288710609
562.9152898481116
568.3325752625242
573.7876422824338
579.2806481877342
584.8117503672838
590.3811063179746
595.988873641938
601.6352100465447
607.3202733397484
613.0442214310169
618.8072123257443
624.6094041271135
630.4509550314397
636.3320233291015
642.2527673980221
648.2133457073942
654.2139168111607
660.2546393489465
666.3356720423326
672.4571736929938
678.6193031826988
684.8222194686532
691.0660815834999
697.3510486325249
703.6772797908634
710.0449343044311
716.4541714852676
722.9051507096738
729.3980314172804
735.9329731091857
742.510135345161
749.129677740857
755.7917599696666
762.4965417562053
769.2441828744486
776.0348431514576
782.8686824580655
789.7458607107401
796.666537870653
803.6308739380911
810.639028952457
817.6911629922688
824.7874361686409
831.9280086271465
839.1130405431613
846.3426921218634
853.6171235945076
860.9364952193573
868.3009672742337
875.7107000602409
883.1658538971096
890.6665891204029
898.2130660805851
905.805445141159
913.4438866758719
921.1285510677844
928.8595987064764
936.6371899852529
944.4614853002131
952.3326450465247
960.2508296202868
968.2161994120106
976.2289148066193
984.2891361815855
992.3970239041373
1000.552738330327
1008.7564397994429
1017.0082886386663
1025.308445153758
1033.657069630921
1042.054322335869
1050.5003635063767
1058.995353356935
1067.5394520713016
1076.1328198025003
1084.7756166728213
1093.468002767302
1102.2101381346583
1111.0021827854216
1119.8442966863513
1128.7366397632286
1137.6793718961999
1146.672652917914
1155.7166426097974
1164.8115007029846
1173.9573868745938
1183.154460744001
1192.4028818756342
1201.7028097705916
1211.0544038694352
1220.4578235475346
1229.9132281141356
1239.4207768086344
1248.980628802441
1258.5929431896657
1268.2578789917752
1277.9755951538682
1287.7462505390868
1297.5700039304793
1307.4470140282065
1317.3774394448847
1327.361438705586
1337.3991702469066
1347.4907924113795
1357.636463447474
1367.8363415068015
1378.0905846422538
1388.3993508070707
1398.7627978501841
1409.1810835162178
1419.6543654408306
1430.1828011516482
1440.7665480645373
1451.4057634808123
1462.1006045872346
1472.8512284494936
1483.6577920159325
1494.5204521100968
1505.4393654325977
1516.4146885545924
1527.4465779215097
1538.5351898455992
1549.6806805059314
1560.8832059456035
1572.1429220708087
1583.4599846480414
1594.8345493003726
1606.2667715065181
1617.7568065989763
1629.304809762165
1640.9109360286966
1652.575340279378
1664.2981772376224
1676.0796014713123
1687.9197673881426
1699.8188292328268
1711.776941087097
1723.794256865047
1735.870930314064
1748.0071150101721
1760.2029643552378
1772.4586315779015
1784.77426972799
1797.150031676516
1809.5860701119527
1822.0825375402346
1834.6395862801
1847.2573684621602
1859.9360360261053
1872.6757407179102
1885.4766340907663
1898.338867499493
1911.2625920977443
1924.247958839871
1937.2951184753329
1950.4042215486988
1963.5754183931276
1976.808859134093
1990.1046936828643
2003.4630717355758
2016.8841427722946
2030.368056051433
2043.9149606116116
2057.5250052660704
2071.198338603601
2084.9351089820266
2098.735464530997
2112.5995531454682
2126.5275224857032
2140.519519975409
2154.5756927970797
2168.6961878929287
2182.8811519602314
2197.130731450394
2211.4450725652277
2225.824321255088
2240.2686232207343
2254.7781239030883
2269.352968489751
2283.9933019047603
2298.699268813245
2313.4710136139765
2328.308680440299
2343.2124131554738
2358.1823553526774
2373.2186503512785
2388.321441194974
2403.4908706508577
2418.727081205696
2434.030215062201
2449.4004141399637
2464.837820071727
2480.3425742015243
2495.914817580022
2511.554690967314
2527.262334825471
2543.0378893185407
2558.881494311616
2574.793289365247
2590.7734137373045
2606.8220063773915
2622.9392059259117
2639.1251507112756
2655.3799787480384
2671.7038277350366
2688.0968350525945
2704.5591377606615
2721.0908725950867
2737.692175967619
2754.3631839631125
2771.1040323348716
2787.9148565055802
2804.795791563578
2821.7469722600654
2838.768533008173
2855.8606078792363
2873.0233306018636
2890.256834560074
2907.5612527877092
2924.936717971228
2942.3833624431863
2959.901318181306
2977.490716806613
2995.1516895825043
3012.884367409162
3030.688880824484
3048.5653599984944
3066.5139347352087
3084.534734467976
3102.6278882557526
3120.7935247849673
3139.0317723620683
3157.3427589163184
3175.7266119932756
3194.1834587566555
3212.7134259827435
3231.3166400594637
3249.9932269835845
3268.743312357925
3287.567021393217
3306.464478899725
3325.435809288174
3344.4811365678906
3363.600584344007
3382.7942758146673
3402.0623337682337
3421.4048805842176
3440.8220382258296
3460.313928243704
3479.8806717684492
3499.522389509715
3519.2392017561942
3539.0312283737585
3558.898588798009
3578.841402036138
3598.8597866641358
3618.9538608249277
3639.1237422246486
3659.369548131712
3679.6913953730837
3700.0894003333524
3720.5636789537966
3741.1143467267975
3761.7415186949074
3782.4453094489872
3803.225833127275
3824.0832034107298
3845.017533521168
3866.0289362212643
3887.117523809895
3908.283408119343
3929.5267005162314
3950.8475118959323
3972.245952683501
3993.7221328280866
4015.276161803864
4036.9081486053765
4058.618201745674
4080.406429255381
4102.272938678972
4124.2178370747715
4146.241231009364
4168.343226556666
4190.523929298855
4212.78344431892
4235.121876201592
4257.539329031482
4280.035906388424
4302.611711346544
4325.266846473329
4348.001413825899
4370.81551494915
4393.709250872023
4416.682722107507
4439.736028650776
4462.869269973598
4486.082545025274
4509.375952229835
4532.749589483254
4556.203554150648
4579.737943066284
4603.3528525279835
4627.048378298059
4650.824615599588
4674.681659112684
4698.619602977298
4722.638540783897
4746.738565578125
4770.919769854285
4795.1822455544025
4819.526084066369
4843.951376220211
4868.458212288097
4893.046681981534
4917.716874447651
4942.468878267333
4967.30278145615
4992.218671455979
5017.21663514059
5042.296758807264
5067.459128175862
5092.703828389756
5118.030944010243
5143.440559015609
5168.932756797411
5194.507620161399
5220.165231323801
5245.90567190852
5271.729022943415
5297.63536486309
5323.62477750238
5349.697340095416
5375.85313127283
5402.092229062691
5428.414710883051
5454.820653543808
5481.310133243911
5507.883225567639
5534.540005484596
5561.280547345988
5588.104924881831
5615.013211200014
5642.005478785373
5669.081799495034
5696.242244556546
5723.486884567887
5750.8157894946635
5778.229028664529
5805.726670769043
5833.308783860877
5860.97543535009
5888.726692003198
5916.562619940378
5944.483284634538
5972.48875090573
6000.579082925804
6028.754344208166
6057.014597611502
6085.359905336052
6113.790328918956
6142.305929236114
6170.906766498461
6199.592900247313
6228.364389357157
6257.221292030066
6286.1636657933705
6315.191567499191
6344.305053322576
6373.504178757314
6402.788998615928
6432.159567026421
6461.615937430412
6491.158162580803
6520.78629454039
6550.500384679064
6580.300483672414
6610.186641498469
6640.158907437231
6670.217330066953
6700.361957262736
6730.592836195137
6760.910013327375
6791.313534412533
6821.803444493096
6852.379787898157
6883.042608240619
6913.79194841627
6944.627850600518
6975.550356247928
7006.559506089427
7037.655340129044
7068.837897642981
7100.107217178214
7131.463336549234
7162.9062928366475
7194.436122384854
7226.052860800177
7257.756542948075
7289.547202952672
7321.424874193966
7353.38958930457
7385.441380169708
7417.580277923495
7449.806312948465
7482.11951487232
7514.519912566058
7547.007534143049
7579.5824069553055
7612.244557593018
7644.994011881761
7677.830794880167
7710.754930878989
7743.7664433983155
7776.865355185233
7810.051688213833
7843.325463680085
7876.6867020023055
7910.135422818363
7943.671644983813
7977.2953865695745
8011.006664860062
8044.805496351793
8078.691896750592
8112.6658809711225
8146.7274631317705
8180.876656556502
8215.113473770209
8249.437926498242
8283.850025663618
8318.349781385157
8352.93720297655
8387.612298942171
8422.375076978002
8457.225543967448
8492.163705980405
8527.18956827093
8562.303135276306
8597.504410613794
8632.793397078756
8668.170096644666
8703.634510458447
8739.186638840474
8774.82648128178
8810.554036443122
8846.369302151725
8882.272275400348
8918.262952345423
8954.341328304727
8990.50739775505
9026.761154331267
9063.102590824477
9099.531699179672
9136.048470493872
9172.652895013802
9209.344962134957
9246.124660399742
9282.991977494676
9319.946900249459
9356.989414633717
9394.119505757932
9431.337157868315
9468.642354347277
9506.035077710636
9543.515309605747
9581.083030810114
9618.738221229054
9656.480859894305
9694.310924962629
9732.228393712547
9770.23324254388
9808.325446975417
9846.504981643055
9884.771820298862
9923.125935807358
9961.567300144583
10000.095884398557
10038.7116587637
10077.41459254222
10116.204654140398
10155.081811067648
10194.04602993466
10233.0972764506
10272.235515423119
10311.460710756015
10350.772825446445
10390.17182158446
10429.657660351135
10469.23030201532
10508.889705934096
10548.635830549523
10588.468633387238
10628.388071054593
10668.394099240191
10708.486672710162
10748.665745308157
10788.931269953027
10829.283198636025
10869.721482421272
10910.246071442496
10950.856914901175
10991.55396106653
11032.337157271337
11073.206449913792
11114.161784451455
11155.20310540311
11196.330356345512
11237.543479911517
11278.842417789623
11320.227110721637
11361.697498500813
11403.253519970458
11444.895113021601
11486.622214592993
11528.43476066785
11570.332686273381
11612.315925478004
11654.38441139087
11696.538076159544
11738.7768509686
11781.10066603776
11823.509450620972
11866.003133004997
11908.581640505698
11951.244899468962
11993.992835267913
12036.825372301042
12079.742433991749
12122.743942786008
12165.82982015144
12208.999986574054
12252.254361559171
12295.59286362771
12339.015410316177
12382.52191817388
12426.112302762922
12469.786478654481
12513.544359429274
12557.38585767569
12601.310884987004
12645.31935196137
12689.411168199498
12733.586242303252
12777.844481874723
12822.185793512966
12866.610082815401
12911.117254374083
12955.707211774774
13000.379857595544
13045.135093405843
13089.972819763701
13134.892936214805
13179.895341292955
13224.979932515882
13270.146606384777
13315.39525838336
13360.72578297602
13406.138073606417
13451.632022695616
13497.207521641627
13542.864460817073
13588.602729568724
13634.422216215637
13680.32280804729
13726.304391322192
13772.366851267405
13818.510072076693
13864.733936908655
13911.038327886257
13957.423126094975
14003.888211580459
14050.433463349007
14097.058759365696
14143.763976552058
14190.548990785144
14237.41367689753
14284.357908673119
14331.38155884901
14378.484499112703
14425.66660010023
14472.927731395233
14520.267761528492
14567.686557975598
14615.183987156022
14662.759914431721
14710.4142041062
14758.146719423123
14805.957322564442
14853.845874649938
14901.812235735822
14949.856264812406
14997.977819804568
15046.176757569425
15094.452933895867
15142.806203501299
15191.236420033034
15239.743436065502
15288.327103099786
15336.987271562219
15385.723790801596
15434.536509091966
15483.425273626111
15532.389930518344
15581.43032480264
15630.546300430316
15679.737700269092
15729.004366103094
15778.346138630062
15827.762857461348
15877.254361120518
15926.820487041958
15976.461071569473
16026.17594995629
16075.964956362266
16125.827923854813
16175.764684405643
16225.7750688917
16275.858907091897
16326.016027687117
16376.246258260217
16426.549425293226
16476.925354166888
16527.37386915926
16577.894793445244
16628.4879490952
16679.15315707447
16729.890237241052
16780.699008345604
16831.579288029578
16882.530892824754
16933.553638153244
16984.64733832376
17035.81180653302
17087.04685486434
17138.352294285316
17189.727934647817
17241.173584686592
17292.689052019734
17344.27414314542
17395.928663442377
17447.652417168487
17499.445207459852
17551.306836329866
17603.237104668748
17655.23581224121
17707.3027576874
17759.437738520093
17811.6405511247
17863.910990759265
17916.248851551674
17968.653926499654
18021.126007470768
18073.66488519963
18126.27034928836
18178.942188205663
18231.680189284496
18284.484138723463
18337.35382158449
18390.28902179189
18443.28952213237
18496.35510425316
18549.485548662953
18602.680634728167
18655.940140674356
18709.263843585737
18762.651519402396
18816.102942920756
18869.617887792643
18923.19612652436
18976.83743047621
19030.541569860652
19084.308313742746
19138.13743003877
19192.028685516212
19245.981845791917
19299.996675331844
19354.07293745014
19408.210394308437
19462.408806915628
19516.667935126927
19570.987537642475
19625.367372007342
19679.80719461036
19734.30676068389
19788.86582430289
19843.484138383996
19898.161454685498
19952.897523805732
20007.69209518307
20062.54491709522
20117.455736658303
20172.424299826613
20227.450351391453
20282.533634980908
20337.673893058905
20392.870866924757
20448.12429671269
20503.43392139091
20558.799478761153
20614.22070545843
20669.69733694964
20725.229107533814
20780.81575034093
20836.456997331697
20892.15257929708
20947.902225857135
21003.705665461486
21059.562625387218
21115.472831740277
21171.43600945361
21227.451882286696
21283.52017282578
21339.640602482716
21395.812891494483
21452.036758923205
21508.311922655208
21564.638099400094
21621.015004691668
21677.44235288631
21733.919857162517
21790.44722952135
21847.02418078482
21903.650420596357
21960.32565741986
22017.049598539947
22073.821950060315
22130.642416904448
22187.510702814674
22244.426510351943
22301.389540895587
22358.399494642625
22415.456070607528
22472.558966621757
22529.70787933329
22586.9025042071
22644.14253552328
22701.427666377975
22758.75758868293
22816.13199316454
22873.55056936387
22931.013005636167
22988.51898915111
23046.068205891876
23103.66034065513
23161.29507705057
23218.972097500926
23276.691083241487
23334.451714319643
23392.253669595346
23450.09662674018
23507.980262236902
23565.904251380125
23623.8682682754
23681.87198583898
23739.91507579782
23797.997208689805
23856.118053862592
23914.277279474307
23972.47455249261
24030.709538694704
24088.981902667787
24147.291307808366
24205.637416321784
24264.01988922269
24322.438386335038
24380.89256629045
24439.38208653056
24497.906603304436
24556.46577167022
24615.05924549396
24673.68667745008
24732.34771902114
24791.04202049761
24849.76923097833
24908.52899836935
24967.320969385095
25026.144789547194
25085.00010318542
25143.886553436983
25202.803782247007
25261.751430368284
25320.729137360584
25379.736541591818
25438.773280237103
25497.8389892797
25556.933303509606
25616.0558565252
25675.20628073183
25734.384207342984
25793.589266379597
25852.821086670738
25912.07929585292
25971.363520370563
26030.673385475995
26090.00851522968
26149.368532499997
26208.753058963688
26268.16171510564
26327.59412021935
26387.049892406445
26446.52864857763
26506.030004452216
26565.553574558115
26625.09897223278
26684.6658096225
26744.25369768287
26803.862246179488
26863.491063686786
26923.139757590136
26982.80793408421
27042.495198173914
27102.201153675327
27161.925403214525
27221.667548228754
27281.42718896619
27341.20392448688
27400.997352661914
27460.807070174487
27520.63267251989
27580.473754005856
27640.32990775269
27700.20072569372
27760.08579857531
27819.984715957544
27879.89706621424
27939.822436533403
27999.76041291724
28059.710580183193
28119.672521963483
28179.64582070592
28239.630057674018
28299.624812947703
28359.62966542307
28419.644192813314
28479.667971648974
28539.700577278156
28599.741583867115
28659.790564400493
28719.847090681782
28779.910733333905
28839.98106179945
28900.05764434114
28960.14004804229
29020.22783880739
29080.32058136235
29140.41783925495
29200.519174855785
29260.6241493579
29320.732322778087
29380.84325395699
29440.95650055958
29501.07161907584
29561.188164821127
29621.305691936985
29681.423753391253
29741.54190097889
29801.65968532255
29861.776655872934
29921.892360909376
29982.006347540882
30042.118161706137
30102.2273481742
30162.33345054544
30222.436011251644
30282.53457155719
30342.62867155904
30402.717850188026
30462.801645208965
30522.879593221587
30582.951229661005
30643.016088798642
30703.073703742702
30763.123606438632
30823.165327670285
30883.198397060274
30943.2223430709
31003.236693004612
31063.240973004955
31123.2347080569
31183.21742198814
31243.188637469546
31303.147876015806
31363.09465798631
31423.02850258589
31482.94892786554
31542.85545072338
31602.74758690514
31662.62485100521
31722.486756467377
31782.3328155856
31842.162539504818
31901.975438221765
31961.771020585904
32021.54879430018
32081.308265921834
32141.048940863344
32200.770323393284
32260.47191663721
32320.15322257846
32379.81374205905
32439.452974780696
32499.070419305586
32558.66557305737
32618.237932321965
32677.78699224873
32737.3122468511
32796.81318900769
32856.289310463355
32915.74010182987
32975.16505258717
33034.5636510842
33093.93538453983
33153.27973904397
33212.59619955858
33271.88424991863
33331.14337283297
33390.37304988573
33449.572761536925
33508.741987123736
33567.880204861634
33626.986891845154
33686.06152404923
33745.10357633009
33804.11252242644
33863.08783496052
33922.02898543913
33980.935444254894
34039.80668068724
34098.64216290353
34157.441357960255
34216.2037318041
34274.928749273095
34333.61587409787
34392.264568902654
34450.87429520658
34509.444513424765
34567.97468286955
34626.46426175168
34684.91270718149
34743.31947517011
34801.6840206307
34860.005797379694
34918.284258137945
34976.51885453204
35034.70903709557
35092.85425527028
35150.95395740744
35209.00759076906
35267.01460152919
35324.974434775184
35382.88653450903
35440.75034364861
35498.56530402905
35556.330856404034
35614.0464404471
35671.71149475303
35729.32545683911
35786.8877631466
35844.397849041954
35901.85514881829
35959.25909569676
36016.60912182785
36073.904658292886
36131.14513510531
36188.32998121221
36245.45862449566
36302.530491774116
36359.545008803965
36416.501600280826
36473.39968984111
36530.238700063375
36587.01805246985
36643.73716752796
36700.39546465161
36756.9923622029
36813.52727749353
36869.999626786244
36926.408825296414
36982.7542871935
37039.03542560263
37095.25165260615
37151.40237924509
37207.487015520775
37263.504970396316
37319.455651798315
37375.3384666183
37431.152820714284
37486.89811891259
37542.57376500912
37598.17916177126
37653.71371093922
37709.17681322794
37764.56786832854
37819.88627490989
37875.131430620444
37930.30273208977
37985.39957493037
38040.421353739046
38095.36746209895
38150.23729258089
38205.03023674537
38259.745685144095
38314.38302732166
38368.941651817295
38423.42094616679
38477.8202969039
38532.13908956229
38586.37670867727
38640.53253778751
38694.6059594368
38748.59635517583
38802.503105563985
38856.325590171095
38910.06318757933
38963.715275384835
39017.28123019973
39070.76042765373
39124.1522423962
39177.45604809775
39230.67121745227
39283.79712217883
39336.83313302323
39389.77861975995
39442.63295119442
39495.39549516456
39548.065618542605
39600.64268723724
39653.12606619508
39705.51511940325
39757.80920989078
39810.00769973069
39862.1099500421
39914.11532099184
39966.02317179646
40017.83286072465
40069.54374509852
40121.15518129605
40172.666524752975
40224.07712996472
40275.38635048852
40326.593538945075
40377.698047021055
40428.69922547077
40479.59642411838
40530.38899185974
40581.07627666462
40631.657625578926
40682.13238472631
40732.499899310526
40782.75951361749
40832.9105710173
40882.95241396641
40932.88438400964
40982.70582178235
41032.41606701247
41082.01445852278
41131.50033423293
41180.87303116149
41230.131885428214
41279.27623225632
41328.30540597427
41377.21874001855
41426.015566935064
41474.69521838194
41523.25702513149
41571.70031707245
41620.02442321216
41668.22867167881
41716.31238972349
41764.27490372269
41812.11553918058
41859.83362073067
41907.42847213894
41954.89941630536
42002.245775266434
42049.46687019768
42096.562021415564
42143.530548380106
42190.37176969694
42237.08500311966
42283.66956555215
42330.12477305089
42376.44994082756
42422.64438325097
42468.707413849654
42514.63834531384
42560.436489498476
42606.10115742509
42651.63165928447
42697.02730443864
42742.28740142356
42787.41125795152
42832.39818091318
42877.247476380784
42921.95844961004
42966.530405041995
43010.96264630649
43055.25447622384
43099.405196808046
43143.41410926846
43187.28051401302
43231.00371064991
43274.58299799031
43318.01767405146
43361.30703605828
43404.45038044662
43447.44700286514
43490.296198178316
43532.997260468546
43575.54948303918
43617.95215841639
43660.20457835239
43702.3060338276
43744.25581505336
43786.053211474326
43827.69751177146
43869.188003863674
43910.52397491154
43951.70471131941
43992.729498737724
44033.59762206604
44074.30836545536
44114.86101231119
44155.2548452958
44195.48914633086
44235.56319660018
44275.476276552305
44315.22766590328
44354.816643639235
44394.242488018936
44433.50447657728
44472.601886126446
44511.533992760116
44550.300071855076
44588.899398074485
44627.331245370675
44665.594886987936
44703.68959546415
44741.61464263522
44779.369299636455
44816.952836906305
44854.36452418822
44891.60363053414
44928.6694243066
44965.56117318245
45002.2781441547
45038.819603536045
45075.184816960944
45111.37304938887
45147.38356510736
45183.215627734084
45218.86850022082
45254.34144485509
45289.63372326363
45324.7445964152
45359.67332462338
45394.41916754958
45428.9813842054
45463.35923295608
45497.55197152309
45531.558856987394
45565.379145791754
45599.01209374401
45632.45695602009
45665.7129871666
45698.77944110404
45731.65557112964
45764.34062992013
45796.83386953524
45829.13454141957
45861.24189640698
45893.15518472227
45924.87365598488
45956.39655921189
45987.72314282018
46018.852654630784
46049.78434187081
46080.517451176886
46111.05122859799
46141.384919598466
46171.517769061495
46201.44902129145
46231.177920017624
46260.703708396526
46290.02562901564
46319.14292389597
46348.0548344953
46376.76060171146
46405.25946588535
46433.550666803494
46461.63344370201
46489.507035268936
46517.170679647475
46544.62361443974
46571.865076709306
46598.89430298447
46625.71052926127
46652.31299100653
46678.70092316135
46704.87356014433
46730.83013585396
46756.56988367275
46782.09203647007
46807.395826604916
46832.48048592964
46857.34524579276
46881.98933704244
46906.411990029505
46930.61243461049
46954.58990015136
46978.34361553029
47001.872809141176
47025.17670889688
47048.25454223179
47071.10553610604
47093.728917008266
47116.12391095888
47138.28974351357
47160.22563976608
47181.93082435196
47203.4045214518
47224.64595479425
47245.65434765932
47266.4289228823
47286.96890285611
47307.27350953547
47327.34196443972
47347.17348865629
47366.76730284374
47386.12262723595
47405.23868164513
47424.11468546372
47442.74985767016
47461.143416830804
47479.29458110314
47497.20256823953
47514.86659559095
47532.28588011069
47549.459638355765
47566.38708649296
47583.06744029978
47599.49991517002
47615.68372611562
47631.61808777135
47647.30221439665
47662.73531987984
47677.91661774274
47692.84532114258
47707.52064287523
47721.94179538032
47736.10799074406
47750.0184407006
47763.67235663906
47777.06894960394
47790.20743030077
47803.08700909931
47815.706896034535
47828.066300813574
47840.16443281714
47852.000501104165
47863.573714414146
47874.88328117179
47885.9284094898
47896.70830717264
47907.22218172019
47917.46924033109
47927.44868990686
47937.15973705426
47946.60158808995
47955.77344904421
47964.67452566326
47973.30402341392
47981.661147486884
47989.74510280043
47997.55509400368
48005.09032548033
48012.35000135191
48019.333325482905
48026.03950148262
48032.46773270983
48038.617222275585
48044.48717304738
48050.07678765291
48055.38526848424
48060.41181769874
48065.15563722653
48069.615928771906
48073.79189381702
48077.68273362657
48081.287649250124
48084.60584152723
48087.63651109021
48090.37885836791
48092.83208359033
48094.99538679002
48096.867967809085
48098.44902629964
48099.73776172986
48100.73337338632
48101.43506037956
48101.84202164458
48101.95345594734
48101.76856188802
48101.28653790383
48100.506582273636
48099.42789312219
48098.0496684215
48096.37110599736
48094.391403531656
48092.1097585666
48089.52536850795
48086.63743062923
48083.445142075885
48079.947699868586
48076.144300907385
48072.034141974524
48067.61641974002
48062.89033076307
48057.85507149855
48052.50983829843
48046.85382741736
48040.88623501593
48034.606257164385
48028.01308984589
48021.10592896119
48013.88397033233
48006.346409706865
47998.49244276108
47990.321265103295
47981.832072279416
47973.024059775285
47963.89642302133
47954.44835739629
47944.67905823141
47934.58772081323
47924.1735403887
47913.435712168925
47902.373431331944
47890.98589302786
47879.27229238255
47867.23182450142
47854.86368447216
47842.16706737131
47829.14116826607
47815.78518221807
47802.09830428939
47788.079729544464
47773.72865305422
47759.044269901235
47744.02577518299
47728.67236401513
47712.983231537044
47696.957572914194
47680.59458334278
47663.89345805487
47646.853392319754
47629.47358145006
47611.75322080497
47593.69150579441
47575.287631882355
47556.54079459235
47537.450189509895
47518.015012287535
47498.234458648134
47478.10772438999
47457.63400538871
47436.81249760324
47415.64239708008
47394.122899955604
47372.25320246024
47350.03250092454
47327.45999178151
47304.534871570766
47281.25633694278
47257.623584663495
47233.6358116176
47209.29221481271
47184.59199138405
47159.53433859721
47134.118453853764
47108.34353469452
47082.20877880324
47055.713384012226
47028.856548304204
47001.637469817884
46974.0553468517
46946.10937786801
46917.79876149725
46889.12269654125
46860.080381979235
46830.67101696972
46800.89380085468
46770.74793316657
46740.23261362873
46709.34704216197
46678.09041888686
46646.461944130715
46614.460818428546
46582.08624252817
46549.33741739625
46516.21354421927
46482.71382441046
46448.83745961171
46414.58365169959
46379.95160278864
46344.94051523507
46309.54959164141
46273.778034860734
46237.6250480013
46201.089834429324
46164.171597774606
46126.86954193283
46089.18287107255
46051.11078963755
46012.65250235051
45973.807214217726
45934.574130534194
45894.95245688688
45854.941399159376
45814.54016353516
45773.74795650318
45732.5639848602
45690.98745571775
45649.0175765031
45606.65355496621
45563.894599182066
45520.739917555824
45477.188718826976
45433.240212073084
45388.893606714904
45344.148112519644
45299.002939605154
45253.457298444584
45207.51039987104
45161.161455081776
45114.40967564052
45067.254273483995
45019.694460925646
44971.72945065936
44923.3584557632
44874.58068970544
44825.39536634646
44775.80169994524
44725.79890516261
44675.38619706547
44624.56279113004
44573.32790324837
44521.68074973114
44469.62054731138
44417.14651315054
44364.257864840794
44310.95382041158
44257.233598330524
44203.09641751181
44148.54149731668
44093.568057559896
44038.17531851446
43982.36250091344
43926.12882595649
43869.47351531312
43812.39579112735
43754.89487602189
43696.969993102364
43638.62036596192
43579.845218684524
43520.643775850534
43461.015262539964
43400.95890433807
43340.473927337676
43279.559558145236
43218.215023885015
43156.43955220189
43094.23237126693
43031.5927097816
42968.519796981476
42905.012862641364
42841.07113707904
42776.693851159886
42711.880236301105
42646.6295244745
42580.94094821438
42514.81374061853
42448.24713535374
42381.240366660524
42313.7926693568
42245.90327884257
42177.57143110316
42108.79636271624
42039.57731085271
41969.913513283245
41899.8042083825
41829.24863513326
41758.24603312928
41686.79564258177
41614.896704323124
41542.54845980974
41469.75015112804
41396.50102099916
41322.80031278124
41248.64727047598
41174.04113873094
41098.98116284562
41023.466588774696
40947.49666313315
40871.070633199066
40794.18774692062
40716.847252917476
40639.04840048775
40560.79043961037
40482.07262095017
40402.89419586258
40323.25441639777
40243.15253530443
40162.58780603483
40081.559482748155
40000.06682031648
39918.109074328095
39835.68550109211
39752.7953576413
39669.4379017395
39585.61239188351
39501.3180873082
39416.55424799118
39331.32013465604
39245.61500877887
39159.43813258968
39072.78876907937
38985.66618200252
38898.06963588251
38809.99839601526
38721.45172847388
38632.42890011333
38542.92917857459
38452.95183228841
38362.4961304809
38271.56134317722
38180.14674120443
38088.25159619842
37995.875180607196
37903.016767694615
37809.675631546415
37715.8510470707
37621.54229000863
37526.74863693304
37431.469365254976
37335.7037532283
37239.45107995253
37142.71062538028
37045.481670320034
36947.76349643804
36849.55538626574
36750.856623204425
36651.66649152618
36551.98427638132
36451.80926380213
36351.140740706585
36249.97799490299
36148.320315094665
36046.16699088365
35943.517312775366
35840.37057218235
35736.72606143076
35632.583073761314
35527.940903338604
35422.798845247366
35317.15619550645
35211.012251066044
35104.36630981509
34997.21767058503
34889.56563315354
34781.40949825011
34672.74856756069
34563.58214372862
34453.909530363046
34343.73003204167
34233.04295431543
34121.84760371037
34010.14328773506
33897.92931488529
33785.20499464497
33671.969637494534
33558.22255491093
33443.963059375994
33329.190464378335
33213.90408441797
33098.10323501285
32981.787232699804
32864.9553950401
32747.607040625997
32629.741489080712
32511.35806106683
32392.456078289077
32273.03486349713
32153.09374049306
32032.63203413319
31911.649070332758
31790.14417607151
31668.11667939648
31545.56590942759
31422.491196359508
31298.891871470027
31174.767267121002
31050.116716763005
30924.93955494277
30799.235117303208
30673.00274058897
30546.241762652993
30418.951522457413
30291.131360081956
30162.780616723932
30033.898634705693
29904.484757476486
29774.538329618983
29644.058696851134
29513.045206033625
29381.497205171734
29249.414043419994
29116.795071086846
28983.639639637433
28849.947101701982
28715.716811075807
28580.94812272396
28445.640392787755
28309.792978589423
28173.405238633044
28036.476532609202
27899.0062214043
27760.993667098694
27622.43823297415
27483.33928351663
27343.69618442189
27203.50830259919
27062.775006175973
26921.49566450063
26779.669648147188
26637.296328921802
26494.375079864636
26350.90527525358
26206.886290610768
26062.31750270538
25917.19828955829
25771.5280304458
25625.30610590428
25478.53189773392
25331.20478900429
25183.32416405808
25034.88940851204
24885.89990926627
24736.35505450517
24586.254233703017
24435.596837628633
24284.382258347236
24132.609889226034
23980.279124939814
23827.3893614728
23673.939996123314
23519.93042750936
23365.360055572353
23210.22828157898
23054.53450812958
22898.27813915722
22741.458579937927
22584.075237088837
22426.12751857564
22267.614833717234
22108.53659318853
21948.89220902417
21788.68109462224
21627.902664752677
21466.55633555539
21304.641524549574
21142.157650633715
20979.104134092107
20815.480396598577
20651.285861222073
20486.519952425733
20321.18209607806
20155.27171945013
19988.788251225837
19821.731121501885
19654.09976179432
19485.893605039455
19317.112085601315
19147.75463927444
18977.820703286678
18807.309716306627
18636.221118444577
18464.55435125809
18292.308857755736
18119.484082398936
17946.079471111298
17772.0944712786
17597.528531752527
17422.381102859043
17246.651636394672
17070.339585639536
16893.44440535549
16715.965551792644
16537.90248269029
16359.25465728715
16180.021536319517
16000.202582026832
15819.79725815542
15638.805029965006
15457.225364230573
15275.057729245164
15092.301594826393
14908.956432320178
14725.021714603528
14540.496916089207
14355.381512729451
14169.674982020631
13983.376803006046
13796.486456280574
13609.00342399627
13420.927189861424
13232.257239151746
13042.993058707565
12853.134136942215
12662.679963842966
12471.63003097754
12279.98383149691
12087.74086013902
11894.900613232516
11701.462588701397
11507.426286067814
11312.791206458583
11117.556852607056
10921.72272885684
10725.28834116552
10528.253197110258
10330.616805889644
10132.378678329289
9933.538326885551
9734.095265647396
9534.049010342918
9333.399078343064
9132.144988661632
8930.28626196459
8727.822420570068
8524.752988453954
8321.077491253614
8116.795456271619
7911.906412476674
7706.409890513867
7500.3054227037355
7293.59254304599
7086.270787225105
6878.33969261311
6669.798798274249
6460.647644969635
6250.8857751572505
6040.512733000331
5829.528064367361
5617.931316839531
5405.72203971073
5192.8997839950025
4979.4641024256125
4765.41454946436
4550.75068130251
4335.472055862658
4119.578232806176
3903.068773534149
3685.9432411929592
3468.2012006780133
3249.8422186346725
3030.865863465704
2811.2717053331435
2591.05931616202
2370.2282696431503
2148.778141239658
1926.708508187905
1704.0189495021477
1480.709045978263
1256.7783801984042
1032.226536532864
807.0531011437997
581.2576619917527
354.8398088347167
127.79913323558867
99.86477143503726
328.15230999700725
557.0638854550198
786.5998989958316
1016.7607499836013
1247.5468359589577
1478.9585526324809
1710.996293881908
1943.6604517484084
2176.9514164356515
2410.8695763014257
2645.4153178595006
2880.5890257712454
3116.3910828437656
3352.8218700280413
3589.881766412407
3827.571149222553
4065.890393814072
4304.839873671532
4544.419960404746
4784.631023744121
5025.473431537859
5266.947549749166
5509.053742450662
5751.792371822521
5995.163798150606
6239.168379818089
6483.8064733073115
6729.078433193266
6974.9846121408045
7221.525360899977
7468.701028305106
7716.511961270124
7964.958504783921
8214.041001908481
8463.759793776087
8714.115219584666
8965.10761659313
9216.737320120446
9469.004663540982
9721.909978281707
9975.45359381754
10229.635837669484
10484.457035401836
10739.91751061473
10996.017584946007
11252.757578064688
11510.137807669118
11768.158589481376
12026.820237248205
12286.12306273356
12546.067375715822
12806.653483987786
13067.881693348289
13329.752307604067
13592.265628564171
13855.421956034377
14119.221587817185
14383.664819708094
14648.751945490949
14914.483256937005
15180.859043797478
15447.87959380541
15715.545192668214
15983.856124067679
16252.812669655308
16522.415109048598
16792.66371982824
17063.558777536266
17335.100555670448
17607.289325681515
17880.12535697315
18153.608916895464
18427.740270741284
18702.519681748003
18977.94741108734
19254.023717868142
19530.74885913171
19808.12308984436
20086.146662902087
20364.819829121232
20644.142837237567
20924.115933903493
21204.73936368432
21486.013369055465
21767.93819039967
22050.51406600233
22333.741232051514
22617.619922633283
22902.150369727053
23187.332803204656
23473.167450826615
23759.654538239352
24046.794288972393
24334.58692443464
24623.03266391158
24912.131724563427
25201.884321419522
25492.290667379275
25783.350973206572
26075.06544752512
26367.434296820313
26660.45772543177
26954.13593555242
27248.469127228484
27543.45749834925
27839.10124464985
28135.400559708476
28432.355634940788
28729.966659598053
29028.23382076528
29327.157303357497
29626.737290115096
29926.97396160569
30227.86749621667
30529.418070154265
30831.625857440755
31134.491029912606
31438.01375721488
31742.194206801243
32047.032543929294
32352.528931658715
32658.683530849405
32965.49650015682
33272.96799602918
33581.09817270655
33889.88718221802
34199.335174376145
34509.44229677878
34820.208694801666
35131.634511598386
35443.71988809761
35756.464962998405
36069.869872772135
36383.934751654044
36698.659731644206
37014.044942503795
37330.090511754155
37646.79656466935
37964.16322427988
38282.19061136618
38600.87884445675
38920.228039825335
39240.23831148911
39560.90977120586
39882.24252847023
40204.23669051193
40526.89236229565
40850.209646513686
41174.18864358775
41498.82945166342
41824.1321666101
42150.09688201733
42476.72368919011
42804.01267715171
43131.96393263433
43460.57754008379
43789.853581652045
44119.792137195356
44450.393284274265
44781.65709814988
45113.58365177922
45446.17301581707
45779.425258609466
46113.340446194634
46447.91864229832
46783.15990833193
47119.06430339068
47455.63188425172
47792.86270536948
48130.7568188766
48469.31427457929
48808.5351199545
49148.419400149025
49488.967157978565
49830.17843392119
50172.05326611921
50514.59169037547
50857.79374014959
51201.659446557984
51546.188838370144
51891.38194200676
52237.23878153786
52583.75937868096
52930.94375279639
53278.79192088917
53627.30389760248
53976.479695218615
54326.31932365615
54676.82279046532
55027.99010083079
55379.82125756331
55732.31626110431
56085.475109517574
56439.297798492014
56793.784321336076
57148.93466897681
57504.74882995989
57861.22679044306
58218.36853419896
58576.17404260859
58934.64329466224
59293.77626695763
59653.57293369528
60014.033266679384
60375.15723531321
60736.94480659906
61099.395945136435
61462.51061311737
61826.288770327345
62190.730374141596
62555.83537952416
62921.603739026934
63288.035402785055
63655.130318515934
64022.88843151927
64391.30968467239
64760.39401842933
65130.14137081988
65500.55167744681
65871.62487148587
66243.36088367924
66615.75964233931
66988.82107334305
67362.54510013107
67736.93164370861
68111.98062263802
68487.69195304159
68864.06554859877
69241.10132054426
69618.79917766526
69997.15902630147
70376.1807703413
70755.86431122199
71136.20954792574
71517.2163769817
71898.88469246123
72281.21438597608
72664.20534667652
73047.85746125318
73432.17061393149
73817.1446864726
74202.77955816966
74589.07510584686
74976.03120385762
75363.64772408549
75751.9245359404
76140.861506355
76530.45849978551
76920.71537821274
77311.63200113457
77703.20822557062
78095.4439060539
78488.33889463544
78881.89304088056
79276.10619186703
79670.97819218226
80066.50888392515
80462.69810670242
80859.54569762573
81257.05149131361
81655.21531988867
82054.03701297473
82453.51639769785
82853.6532986816
83254.44753805082
83655.8989354251
84058.00730791967
84460.77247014362
84864.19423419889
85268.27240967937
85673.0068036681
86078.3972207373
86484.44346294738
86891.14532984234
87298.50261845347
87706.5151232956
88115.18263636343
88524.50494713522
88934.48184256814
89345.11310709734
89756.39852263499
90168.33786857128
90580.93092176877
90994.17745656613
91408.07724477258
91822.6300556697
92237.83565600961
92653.69381001219
93070.20427936595
93487.36682322621
93905.18119821418
94323.64715841506
94742.76445537806
95162.53283811454
95582.95205309708
96004.02184425853
96425.74195299111
96848.11211814545
97271.13207602967
97694.80156040657
98119.12030249462
98544.08803096693
98969.70447195042
99395.96934902295
99822.88238321338
100250.44329300243
100678.65179431904
101107.50760053936
101537.0104224896
101967.15996844135
102397.9559441125
102829.39805266447
103261.48599470314
103694.21946827788
104127.59816888068
104561.6217894433
104996.29002034012
105431.60254938435
105867.55906182807
106304.1592403613
106741.402765112
107179.28931364417
107617.81856095884
108056.9901794903
108496.8038391089
108937.2592071183
109378.3559482554
109820.09372468852
110262.47219601646
110705.49101927131
111149.1498489147
111593.44833683688
112038.38613235764
112483.9628822254
112930.17823061533
113377.0318191303
113824.5232867999
114272.65227007866
114721.41840284783
115170.82131641079
115620.86063949764
116071.53599826153
116522.84701627772
116974.79331454542
117427.37451148499
117880.59022293799
118334.44006216805
118788.92363985907
119244.04056411516
119699.79044045974
120156.1728718346
120613.18745860271
121070.83379854448
121529.11148685776
121988.02011615783
122447.55927647837
122907.72855526861
123368.52753739525
123829.95580514148
124292.01293820515
124754.69851370063
125218.01210615505
125681.95328751486
126146.52162713744
126611.7166917948
127077.5380456755
127543.98525037989
128011.0578649221
128478.75544572901
128947.07754664216
129416.02371891495
129885.59351121355
130355.78646961693
130826.60213761684
131298.04005611595
131770.09976342972
132242.78079528548
132716.08268482145
133190.0049625896
133664.54715655092
134139.70879208017
134615.48939196207
135091.88847639225
135568.90556297917
136046.54016674124
136524.79180010874
137003.65997292195
137483.14419243485
137963.24396330863
138443.95878761914
138925.28816485126
139407.23159190174
139889.78856308013
140372.9585701041
140856.741102105
141341.13564562704
141826.14168462157
142311.7587004546
142797.98617190402
143284.8235751586
143772.27038381994
144260.32606890146
144748.99009882938
145238.26193944085
145728.14105398767
146218.6269031344
146709.71894495748
147201.416634948
147693.7194260098
148186.6267684605
148680.13811003324
149174.25289587304
149668.97056854237
150164.2905680174
150660.21233168803
151156.73529436253
151653.85888826288
152151.58254302852
152649.9056857163
153148.82774079684
153648.34813016094
154148.46627311595
154649.1815863885
155150.49348412175
155652.40137787908
156154.90467664413
156658.0027868189
157161.6951122256
157665.98105410766
158170.86001113057
158676.33137938008
159182.39455236588
159689.04892101884
160196.29387369286
160704.12879616767
161212.5530716451
161721.5660807537
162231.16720154602
162741.3558095023
163252.13127752766
163763.49297595583
164275.44027254824
164787.97253249492
165301.08911841456
165814.78939035535
166329.07270579785
166843.93841965217
167359.38588426076
167875.4144493984
168392.0234622741
168909.21226752922
169426.98020724207
169945.3266209243
170464.2508455254
170983.75221543107
171503.83006246574
172024.4837158909
172545.71250240877
173067.51574616227
173589.89276873413
174112.84288914967
174636.3654238768
175160.45968682785
175685.1249893587
176210.3606402697
176736.1659458112
177262.54020967707
177789.48273301125
178316.99281440582
178845.06974990387
179373.71283299848
179902.92135463562
180432.6946032131
180963.03186458442
181493.93242205773
182025.39555639587
182557.42054581922
183090.00666600652
183623.15319009498
184156.85938868392
184691.1245298311
185225.94787905924
185761.32869935315
186297.2662511617
186833.75979240146
187370.80857845396
187908.4118621694
188446.56889386754
188985.27892133687
189524.5411898382
190064.35494210664
190604.71941834874
191145.6338562481
191687.0974909626
192229.10955512896
192771.66927886382
193314.77588976268
193858.42861289997
194402.6266708374
194947.3692836184
195492.6556687709
196038.48504131008
196584.8566137394
197131.76959605142
197679.22319572885
198227.21661774628
198775.74906457216
199324.81973616965
199874.42782999855
200424.57254101522
200975.25306167454
201526.46858193353
202078.2182892505
202630.50136858597
203183.31700240634
203736.66437068395
204290.54265089892
204844.951018041
205399.88864460867
205955.35470061656
206511.34835358988
207067.86876857
207624.91510811634
208182.4865323063
208740.58219873626
209299.20126252715
209858.34287631977
210418.0061902823
210978.19035210833
211538.89450701978
212100.1177977696
212661.8593646409
213224.1183454506
213786.89387555048
214350.1850878289
214913.99111271184
215478.3110781666
216043.14410970174
216608.48933036905
217174.34586076532
217740.7128190361
218307.58932087384
218874.97447952256
219442.86740577873
220011.26720799226
220580.17299206927
221149.58386147395
221719.49891723134
222289.91725792643
222860.8379797088
223432.26017629262
224004.18293896038
224576.60535656195
225149.52651552018
225722.94549982902
226296.86139105912
226871.273268356
227446.18020844553
228021.58128563408
228597.4755718112
229173.8621364506
229750.74004661292
230328.10836694855
230905.96615969576
231484.31248468813
232063.14639935456
232642.4669587193
233222.27321540657
233802.56421964243
234383.33901925478
234964.59665967617
235546.33618394844
236128.55663272273
236711.25704426132
237294.4364544386
237878.0938967485
238462.22840230167
239046.83899982832
239631.92471568193
240217.48457384016
240803.51759590954
241390.02280112263
241976.99920634553
242564.44582607877
243152.3616724573
243740.7457552543
244329.5970818838
244918.91465740371
245508.69748451468
246098.9445635667
246689.65489255916
247280.82746714354
247872.4612806253
248464.5553239677
249057.10858579073
249650.12005237956
250243.58870767988
250837.5135333063
251431.89350853954
252026.72761033475
252622.01481331792
253217.75408979226
253813.94440973923
254410.58474082127
255007.67404838465
255605.2112954622
256203.1954427734
256801.62544872984
257400.50026943628
257999.81885869242
258599.58016799856
259199.78314655647
259800.4267412685
260401.5098967459
261003.03155530803
261604.9906569859
262207.38613952417
262810.21693838295
263413.4819867434
264017.1802155096
264621.31055330765
265225.87192649115
265830.863259146
266436.2834730884
267042.1314878715
267648.4062207835
268255.1065868577
268862.2314988673
269469.7798673324
270077.7506005233
270686.14260446094
271294.9547829209
271904.1860374352
272513.8352672979
273123.9013695633
273734.3832390532
274345.2797683561
274956.58984783385
275568.31236562226
276180.4462076323
276792.99025755655
277405.9433968682
278019.3045048276
278633.0724584833
279247.24613267556
279861.8244000375
280476.80613100156
281092.1901937984
281707.9754544627
282324.16077683587
282940.74502256606
283557.7270511156
284175.105719761
284792.8798835967
285411.0483955378
286029.6101063248
286648.5638645226
287267.908516529
287887.64290657267
288507.76587672066
289128.2762668766
289749.17291478906
290370.4546560496
290992.12032409944
291614.16875023115
292236.5987635935
292859.4091911912
293482.5988578899
294106.1665864205
294730.1111973813
295354.4315092396
295979.1263383385
296604.19449889567
297229.6348030111
297855.4460606659
298481.62707972806
299108.17666595615
299735.09362300206
300362.3767524129
300990.0248536337
301618.03672401607
302246.4111588141
302875.14695119206
303504.242892229
304133.6977709178
304763.5103741698
305393.6794868205
306024.2038916303
306655.0823692903
307286.31369842216
307917.8966555847
308549.83001527656
309182.11254993733
309814.74302995484
310447.7202236643
311081.0428973567
311714.70981527586
312348.719739628
312983.0714305816
313617.763646272
314252.7951428043
314888.1646742588
315523.87099269126
316159.91284813825
316796.2889886219
317432.9981601499
318070.0391067229
318707.4105703356
319345.11129098013
319983.1400066521
320621.49545335025
321260.176365084
321899.1814738754
322538.50950976275
323178.15920080245
323818.12927307375
324458.4184506852
325099.02545577567
325739.94900851604
326381.1878271168
327022.7406278299
327664.6061249515
328306.78303082753
328949.2700558556
329592.0659084907
330235.1692952458
330878.57892069966
331522.2934874967
332166.31169635337
332810.6322460612
333455.2538334895
334100.1751535889
334745.3948993981
335390.9117620457
336036.724430752
336682.8315928364
337329.23193371855
337975.9241369236
338622.9068840863
339270.17885495257
339917.7387273852
340565.5851773685
341213.7168790102
341862.1325045461
342510.8307243446
343159.81020690966
343809.06961888354
344458.6076250542
345108.42288835533
345758.5140698748
346408.87982885353
347059.51882269233
347710.4297069553
348361.61113537475
349013.0617598528
349664.7802304672
350316.7651954759
350969.0153013179
351621.5291926218
352274.30551220477
352927.3429010818
353580.63999846485
354234.19544177037
354888.00786662195
355542.0759068532
356196.3981945161
356850.9733598791
357505.80003143474
358160.87683590315
358816.2023982387
359471.7753416281
360127.59428749885
360783.6578555247
361439.96466362476
362096.5133279711
362753.3024629932
363410.3306813799
364067.5965940859
364725.09881033376
365382.83593762014
366040.8065817179
366699.00934668165
367357.44283485226
368016.10564685985
368674.99638162926
369334.1136363819
369993.4560066443
370653.02208624687
371312.81046733353
371972.81974036247
372633.0484941108
373293.4953156812
373954.1587905027
374615.0375023382
375276.13003328536
375937.4349637842
376598.95087261964
377260.6763369264
377922.60993219446
378584.75023226906
379247.0958093591
379909.6452340428
380572.3970752675
381235.3499003565
381898.50227501243
382561.85276332404
383225.39992776886
383889.14232921693
384553.07852693554
385217.2070785947
385881.526540271
386546.03546645213
387210.7324100407
387875.6159223588
388540.6845531538
389205.9368506009
389871.37136130873
390536.9866303243
391202.78120113537
391868.7536156783
392534.90241433866
393201.2261359589
393867.72331784107
394534.39249575045
395201.232203925
395868.24097507354
396535.41734038386
397202.75982952677
397870.26697066147
398537.9372904375
399205.7693140013
399873.7615650017
400541.9125655899
401210.2208364317
401878.68489670474
402547.30326410756
403216.07445486076
403884.9969837172
404554.06936396006
405223.29010741133
405892.6577244364
406562.17072394677
407231.8276134068
407901.6268988373
408571.56708481815
409241.6466744989
409911.8641695976
410582.2180704074
411252.7068758011
411923.3290832378
412594.0831887657
413264.96768702473
413935.98107125703
414607.1218333058
415278.3884636238
415949.7794512771
416621.2932839487
417292.9284479441
417964.68342819717
418636.5567082716
419308.5467703715
419980.65209533926
420652.871162666
421325.2024504943
421997.64443561994
422670.19559350144
423342.8543982636
424015.6193227004
424688.4888382824
425361.4614151586
426034.53552216385
426707.7096268246
427380.98219535965
428054.3516926877
428727.81658243295
429401.3753269268
430075.0263872165
430748.7682230696
431422.5992929749
432096.518054151
432770.52296255063
433444.6124728648
434118.78503852896
434793.039111726
435467.37314339075
436141.7855832204
436816.27487967256
437490.83947997354
438165.4778301222
438840.18837489747
439514.96955785993
440189.81982135866
440864.73760653473
441539.7213533288
442214.76950048376
442889.8804855505
443565.0527448924
444240.28471369203
444915.5748259537
445590.9215145111
446266.3232110301
446941.7783460142
447617.2853488112
448292.8426476149
448968.4486694755
449644.1018402986
450319.80058485456
450995.5433267802
451671.32848858926
452347.1544916695
453023.01975629665
453698.92270163074
454374.8617457291
455050.8353055455
455726.84179693833
456402.87963467557
457078.94723243825
457755.0430028271
458431.16535736714
459107.31270651333
459783.48345965426
460459.6760251196
461135.88881018106
461812.12022106256
462488.36866294313
463164.6325399615
463840.91025522165
464517.20021079853
465193.5008077435
465869.81044608634
466546.12752484623
467222.450442031
467898.77759464644
468575.1073786998
469251.43818920385
469927.76842018496
470604.0964646861
471280.42071477324
471956.7395615382
472633.051395108
473309.3546046475
473985.6475783633
474661.92870351207
475338.19636640325
476014.4489524057
476690.68484595325
477366.90243054833
478043.10008876864
478719.2762022717
479395.42915180046
480071.55731718894
480747.6590773659
481423.7328103632
482099.77689331677
482775.789702476
483451.7696132064
484127.7149999952
484803.62423645984
485479.49569534697
486155.32774854545
486831.1187670836
487506.8671211405
488182.5711800484
488858.2293123007
489533.8398855543
490209.40126663726
490884.91182155255
491560.36991548445
492235.77391280234
492911.12217706814
493586.41307104006
494261.6449566791
494936.8161951527
495611.9251468433
496286.97017135005
496961.94962749537
497636.8618733315
498311.705266146
498986.4781624647
499661.178918059
500335.8058879506
501010.357426418
501684.8318870012
502359.2276225053
503033.54298500996
503707.7763258703
504381.92599572614
505055.99034450296
505729.96772142407
506403.8564750077
507077.65495308023
507751.36150277685
508424.97447054647
509098.49220216274
509771.91304272227
510445.2353366548
511118.45742772706
511791.57765904814
512464.59437307715
513137.505911625
513810.3106158618
514483.0068263225
515155.5928829117
515828.06712491065
516500.4278909797
517172.6735191662
517844.80234691035
518516.8127110489
519188.70294782054
519860.4713928746
520532.11638127174
521203.6362474924
521875.0293254424
522546.2939484585
523217.4284493113
523888.4311602134
524559.3004128253
525230.0345382579
525900.6318670819
526571.0907293288
527241.4094545012
527911.5863715736
528581.6198090026
529251.5080947289
529921.2495561838
530590.8425202956
531260.2853134945
531929.5762617178
532598.713690416
533267.6959245577
533936.5212886361
534605.1881066738
535273.6947022276
535942.0393983945
536610.2205178207
537278.2363827014
537946.0853147898
538613.7656354029
539281.2756654248
539948.613725313
540615.7781351069
541282.7672144286
541949.5792824915
542616.2126581054
543282.6656596819
543948.9366052402
544615.0238124123
545280.9255984472
545946.6402802207
546612.1661742358
547277.5015966306
547942.6448631864
548607.5942893289
549272.3481901363
549936.904880343
550601.2626743475
551265.4198862193
551929.3748296974
552593.1258182051
553256.6711648479
553920.0091824252
554583.1381834298
555246.0564800594
555908.7623842191
556571.2542075263
557233.5302613182
557895.5888566561
558557.4283043323
559219.0469148746
559880.4429985527
560541.6148653822
561202.5608251328
561863.2791873319
562523.7682612697
563184.0263560079
563844.0517803812
564503.8428430073
565163.3978522876
565822.7151164189
566481.792943391
567140.6296410011
567799.2235168545
568457.5728783682
569115.6760327816
569773.5312871607
570431.1369483992
571088.4913232317
571745.5927182324
572402.4394398266
573059.0297942897
573715.3620877592
574371.4346262384
575027.2457155986
575682.7936615888
576338.07676984
576993.0933458712
577647.8416950935
578302.3201228175
578956.5269342586
579610.460434542
580264.1189287091
580917.5007217219
581570.6041184701
582223.4274237752
582875.9689423973
583528.2269790415
584180.1998383608
584831.8858249653
585483.2832434243
586134.3903982742
586785.2055940237
587435.7271351591
588085.9533261498
588735.8824714543
589385.5128755271
590034.842842821
590683.8706777953
591332.5946849221
591981.0131686889
592629.1244336087
593276.9267842202
593924.4185250979
594571.5979608549
595218.4633961506
595865.0131356958
596511.2454842562
597157.1587466625
597802.751227811
598448.0212326739
599092.967066301
599737.5870338259
600381.8794404762
601025.8425915726
601669.4747925382
602312.7743489044
602955.7395663159
603598.368750535
604240.6602074476
604882.6122430721
605524.223163561
606165.4912752081
606806.4148844546
607446.9922978934
608087.2218222758
608727.1017645178
609366.6304317033
610005.8061310919
610644.6271701241
611283.0918564266
611921.1984978179
612558.945402314
613196.3308781339
613833.3532337062
614470.0107776728
615106.3018188961
615742.2246664641
616377.7776296968
617012.9590181503
617647.7671416244
618282.2003101651
618916.256834073
619549.9350239085
620183.2331904965
620816.1496449336
621448.6826985907
622080.8306631222
622712.5918504689
623343.9645728655
623974.947142845
624605.5378732439
625235.7350772098
625865.537068205
626494.9421600122
627123.948666743
627752.5549028404
628380.7591830837
629008.5598225966
629635.9551368533
630262.9434416816
630889.5230532689
631515.6922881687
632141.4494633051
632766.792895983
633391.7209038856
634016.2318050861
634640.323918052
635263.9955616491
635887.2450551484
636510.0707182316
637132.4708709978
637754.4438339649
638375.9879280804
638997.1014747238
639617.7827957124
640238.030213309
640857.842050225
641477.2166296262
642096.1522751404
642714.6473108605
643332.700061352
643950.3088516574
644567.4720073021
645184.1878543003
645800.4547191593
646416.2709288858
647031.634810993
647646.5446935035
648260.998904957
648874.9957744135
649488.5336314607
650101.6108062207
650714.225629352
651326.3764320565
651938.0615460877
652549.2793037524
653160.0280379183
653770.3060820182
654380.1117700576
654989.4434366175
655598.2994168629
656206.6780465455
656814.5776620111
657421.9966002055
658028.9331986769
658635.3857955844
659241.3527297019
659846.8323404267
660451.8229677794
661056.3229524153
661660.3306356249
662263.8443593429
662866.8624661518
663469.3832992883
664071.4052026491
664672.9265207942
665273.9455989548
665874.4607830388
666474.4704196327
667073.9728560126
667672.9664401449
668271.449520695
668869.4204470292
669466.8775692242
670063.8192380695
670660.2438050751
671256.1496224753
671851.5350432345
672446.3984210524
673040.7381103705
673634.5524663772
674227.8398450115
674820.5986029711
675412.8270977158
676004.5236874744
676595.6867312477
677186.3145888173
677776.4056207482
678365.9581883955
678954.9706539097
679543.4413802424
680131.3687311499
680718.7510712012
681305.586765781
681891.8741810969
682477.6116841836
683062.7976429095
683647.4304259801
684231.5084029459
684815.0299442052
685397.9934210107
685980.3972054757
686562.2396705775
687143.5191901647
687724.2341389619
688304.3828925733
688883.9638274908
689462.9753210978
690041.4157516742
690619.2834984036
691196.5769413761
691773.2944615944
692349.4344409816
692924.9952623826
693499.9753095722
694074.372967259
694648.1866210913
695221.4146576622
695794.0554645145
696366.1074301479
696937.5689440211
697508.4383965596
698078.7141791596
698648.394684195
699217.4783050199
699785.9634359768
700353.8484723987
700921.1318106186
701487.8118479699
702053.8869827953
702619.3556144508
703184.2161433101
703748.4669707716
704312.1064992617
704875.1331322417
705437.5452742116
705999.3413307164
706560.5197083503
707121.0788147631
707681.0170586649
708240.3328498309
708799.024599106
709357.0907184128
709914.5296207527
710471.3397202143
711027.5194319771
711583.0671723178
712137.9813586134
712692.2604093486
713245.90274412
713798.9067836404
714351.2709497451
714902.9936653972
715454.0733546913
716004.5084428606
716554.2973562805
717103.4385224739
717651.9303701171
718199.7713290434
718746.9598302506
719293.4943059036
719839.3731893413
720384.5949150808
720929.1579188225
721473.060637455
722016.3015090614
722558.8789729225
723100.7914695232
723642.0374405575
724182.6153289326
724722.5235787751
725261.7606354356
725800.3249454927
726338.2149567599
726875.4291182896
727411.9658803781
727947.8236945705
728483.0010136659
729017.4962917231
729551.3079840639
730084.43454728
730616.8744392367
731148.6261190781
731679.688047233
732210.0586854187
732739.736496646
733268.7199452249
733797.0074967691
734324.5976182013
734851.4887777576
735377.6794449934
735903.1680907863
736427.9531873441
736952.0332082068
737475.4066282525
737998.0719237034
738520.0275721294
739041.2720524534
739561.8038449567
740081.6214312832
740600.723294443
741119.1079188213
741636.7737901788
742153.7193956589
742669.9432237926
743185.4437645026
743700.219509108
744214.2689503306
744727.5905822976
745240.1829005484
745752.0444020377
746263.1735851415
746773.5689496617
747283.2289968305
747792.1522293161
748300.3371512257
748807.7822681125
749314.486086979
749820.4471162814
750325.663865936
750830.1348473234
751333.8585732919
751836.8335581645
752339.0583177414
752840.5313693061
753341.2512316299
753841.2164249765
754340.4254711065
754838.8768932829
755336.5692162742
755833.5009663608
756329.6706713391
756825.0768605261
757319.7180647636
757813.5928164236
758306.6996494131
758799.037099178
759290.6037027081
759781.3979985416
760271.4185267701
760760.6638290435
761249.1324485727
761736.8229301372
762223.7338200873
762709.86366635
763195.2110184333
763679.7744274298
764163.5524460231
764646.543628491
765128.7465307103
765610.1597101623
766090.7817259356
766570.6111387331
767049.6465108735
767527.8864062978
768005.3293905742
768481.9740309017
768957.8188961144
769432.8625566866
769907.1035847375
770380.5405540345
770853.1720399996
771324.9966197121
771796.0128719136
772266.2193770125
772735.6147170896
773204.1974759009
773671.9662388824
774138.9195931554
774605.05612753
775070.3744325102
775534.8731002975
775998.550724796
776461.4059016174
776923.4372280831
777384.6433032318
777845.0227278206
778304.5741043324
778763.2960369773
779221.1871317006
779678.2459961828
780134.4712398476
780589.861473864
781044.4153111521
781498.131366387
781951.0082560023
782403.0445981948
782854.2390129296
783304.5901219435
783754.0965487501
784202.7569186427
784650.5698587
785097.53399779
785543.6479665735
785988.9103975096
786433.3199248589
786876.8751846878
787319.5748148737
787761.4174551084
788202.4017469012
788642.5263335868
789081.7898603249
789520.1909741075
789957.7283237618
790394.4005599548
790830.2063351977
791265.1443038499
791699.2131221225
792132.4114480824
792564.7379416581
792996.1912646419
793426.7700806954
793856.4730553529
794285.2988560251
794713.2461520042
795140.3136144676
795566.4999164813
795991.8037330057
796416.2237408976
796839.7586189155
797262.4070477234
797684.167709895
798105.0392899169
798525.0204741936
798944.1099510514
799362.306410742
799779.6085454468
800196.0150492801
800611.5246182955
801026.1359504857
801439.8477457915
801852.6587061011
802264.5675352574
802675.5729390602
803085.6736252706
803494.8683036156
803903.1556857903
804310.5344854635
804717.0034182812
805122.56120187
805527.2065558413
805930.9382017956
806333.7548633253
806735.6552660193
807136.6381374677
807536.7022072636
807935.8462070087
808334.068870316
808731.3689328148
809127.7451321532
809523.1962080027
809917.720902062
810311.3179580611
810703.9861217637
811095.7241409726
811486.530765532
811876.4047473331
812265.3448403159
812653.3498004742
813040.4183858589
813426.5493565816
813811.7414748191
814195.9935048155
814579.3042128875
814961.6723674282
815343.0967389084
815723.5760998833
816103.1092249942
816481.6948909732
816859.3318766458
817236.0189629358
817611.7549328676
817986.5385715715
818360.368666285
818733.2440063593
819105.1633832599
819476.1255905726
819846.129424006
820215.1736813942
820583.2571627025
820950.3786700293
821316.5370076101
821681.7309818214
822045.9594011835
822409.2210763644
822771.5148201839
823132.8394476157
823493.1937757924
823852.5766240084
824210.9868137226
824568.4231685628
824924.8845143297
825280.3696789986
825634.8774927238
825988.4067878427
826340.956398878
826692.525162542
827043.1119177397
827392.7155055718
827741.3347693391
828088.9685545445
828435.615708898
828781.2750823183
829125.9455269375
829469.6258971035
829812.315049385
830154.0118425724
830494.7151376826
830834.4237979623
831173.1366888911
831510.8526781846
831847.5706357982
832183.2894339294
832518.0079470216
832851.7250517684
833184.4396271147
833516.1505542621
833846.8567166703
834176.5570000617
834505.2502924239
834832.9354840128
835159.6114673566
835485.2771372579
835809.9313907977
836133.573127338
836456.2012485256
836777.8146582944
837098.4122628695
837417.9929707693
837736.5556928094
838054.0993421057
838370.6228340771
838686.1250864484
839000.6050192544
839314.0615548417
839626.4936178727
839937.9001353278
840248.2800365095
840557.6322530448
840865.9557188882
841173.2493703249
841479.512145974
841784.7429867906
842088.9408360701
842392.1046394499
842694.2333449135
842995.3259027929
843295.3812657711
843594.3983888864
843892.3762295335
844189.3137474682
844485.209904809
844780.0636660408
845073.873998017
845366.6398699638
845658.3602534814
845949.0341225481
846238.6604535223
846527.238225146
846814.7664185476
847101.2440172441
847386.6700071446
847671.0433765526
847954.3631161696
848236.6282190967
848517.8376808383
848797.9904993048
849077.0856748151
849355.1222100991
849632.0991103011
849908.0153829819
850182.8700381222
850456.6620881248
850729.3905478175
851001.0544344556
851271.6527677249
851541.1845697442
851809.6488650677
852077.0446806885
852343.3710460403
852608.6269930006
852872.8115558933
853135.9237714906
853397.9626790169
853658.9273201505
853918.8167390265
854177.6299822388
854435.3660988435
854692.0241403615
854947.6031607799
855202.1022165561
855455.5203666191
855707.8566723724
855959.1101976972
856209.2800089536
856458.3651749842
856706.3647671159
856953.2778591632
857199.1035274297
857443.8408507112
857687.4889102976
857930.0467899763
858171.5135760335
858411.8883572574
858651.17022494
858889.3582728805
859126.4515973865
859362.4492972769
859597.3504738845
859831.1542310582
860063.8596751654
860295.4659150938
860525.9720622543
860755.3772305838
860983.680536546
861210.8810991354
861436.9780398783
861661.9704828357
861885.8575546057
862108.6383843253
862330.3121036731
862550.877846871
862770.3347506872
862988.6819544378
863205.9185999887
863422.0438317591
863637.0567967228
863850.95664441
864063.7425269104
864275.4135988745
864485.9690175168
864695.407942617
864903.7295365224
865110.9329641503
865317.01739299
865521.9819931043
865725.8259371327
865928.5484002929
866130.1485603824
866330.6255977816
866529.978695455
866728.2070389539
866925.3098164177
867121.2862185766
867316.1354387532
867509.8566728649
867702.4491194251
867893.9119795469
868084.2444569427
868273.445757928
868461.5150914227
868648.4516689533
868834.2547046543
869018.9234152706
869202.4570201593
869384.8547412921
869566.1158032557
869746.2394332556
869925.2248611166
870103.0713192858
870279.7780428329
870455.3442694537
870629.7692394707
870803.0521958361
870975.1923841321
871146.1890525743
871316.0414520125
871484.7488359328
871652.3104604593
871818.7255843561
871983.9934690287
872148.1133785262
872311.084579542
872472.9063414175
872633.5779361419
872793.0986383546
872951.4677253473
873108.6844770652
873264.7481761087
873419.6581077352
873573.4135598612
873726.013823063
873877.458190579
874027.7459583111
874176.8764248269
874324.8488913601
874471.6626618133
874617.3170427592
874761.8113434417
874905.1448757781
875047.3169543606
875188.3268964574
875328.1740220146
875466.8576536579
875604.3771166938
875740.7317391109
875875.920851582
876009.9437874653
876142.799882806
876274.4884763373
876405.0089094824
876534.3605263559
876662.5426737651
876789.5547012113
876915.3959608914
877040.0658076995
877163.5635992279
877285.8886957689
877407.0404603155
877527.0182585639
877645.8214589137
877763.4494324701
877879.9015530448
877995.1771971572
878109.2757440363
878222.1965756217
878333.9390765646
878444.5026342296
878553.8866386958
878662.0904827578
878769.1135619276
878874.9552744349
878979.6150212294
879083.0922059815
879185.3862350832
879286.4965176501
879386.422465522
879485.163493264
879582.7190181687
879679.0884602559
879774.2712422747
879868.2667897047
879961.0745307567
880052.6938963741
880143.1243202339
880232.365238748
880320.416091064
880407.2763190668
880492.9453673789
880577.4226833623
880660.707717119
880742.7999214927
880823.6987520687
880903.403667176
880981.9141278882
881059.2295980239
881135.3495441482
881210.2734355738
881284.0007443614
881356.5309453213
881427.8635160141
881497.9979367515
881566.9336905977
881634.6702633697
881701.2071436389
881766.5438227315
881830.6797947297
881893.6145564723
881955.3476075563
882015.8784503364
882075.2065899275
882133.3315342045
882190.2527938033
882245.9698821222
882300.4823153217
882353.7896123261
882405.8912948247
882456.7868872711
882506.4759168855
882554.9579136547
882602.2324103332
882648.2989424437
882693.1570482779
882736.8062688973
882779.246148134
882820.4762325913
882860.4960716446
882899.3052174416
882936.9032249037
882973.2896517261
883008.464058379
883042.4260081071
883075.1750669325
883106.7108036525
883137.0327898427
883166.1405998562
883194.0338108243
883220.7120026578
883246.1747580473
883270.4216624632
883293.4523041571
883315.2662741619
883335.8631662922
883355.2425771457
883373.4041061027
883390.3473553268
883406.0719297661
883420.5774371532
883433.8634880057
883445.9296956266
883456.7756761052
883466.4010483169
883474.8054339244
883481.9884573775
883487.949745914
883492.6889295597
883496.2056411292
883498.4995162262
883499.5701932437
883499.4173133645
883498.0405205617
883495.4394615992
883491.6137860314
883486.5631462042
883480.287197255
883472.7855971133
883464.0580065006
883454.1040889312
883442.9235107122
883430.5159409437
883416.8810515193
883402.0185171264
883385.9280152464
883368.6092261545
883350.0618329208
883330.2855214097
883309.2799802807
883287.0449009885
883263.5799777828
883238.884907709
883212.9593906082
883185.8031291172
883157.415828669
883127.7971974924
883096.946946613
883064.8647898524
883031.550443829
882997.0036279578
882961.2240644507
882924.2114783162
882885.9655973599
882846.4861521847
882805.7728761901
882763.8255055734
882720.6437793284
882676.2274392467
882630.5762299168
882583.6898987249
882535.568195854
882486.2108742845
882435.6176897945
882383.7884009592
882330.7227691509
882276.420558539
882220.8815360903
882164.1054715686
882106.0921375349
882046.841309347
881986.3527651592
881924.6262859234
881861.6616553874
881797.4586600959
881732.0170893902
881665.3367354076
881597.4173930816
881528.2588601419
881457.8609371136
881386.223427318
881313.3461368718
881239.2288746865
881163.8714524694
881087.2736847221
881009.4353887411
880930.3563846177
880850.0364952367
880768.4755462776
880685.673366213
880601.6297863093
880516.3446406261
880429.8177660157
880342.0490021228
880253.0381913851
880162.7851790315
880071.2898130831
879978.5519443522
879884.5714264419
879789.348115746
879692.8818714488
879595.1725555245
879496.2200327365
879396.0241706376
879294.5848395694
879191.9019126617
879087.9752658326
878982.8047777873
878876.3903300184
878768.7318068049
878659.8290952123
878549.6820850916
878438.290669079
878325.654742596
878211.7742038475
878096.6489538231
877980.2788962955
877862.6639378198
877743.8039877338
877623.6989581567
877502.3487639895
877379.7533229132
877255.912555389
877130.8263846579
877004.4947367397
876876.9175404324
876748.0947273122
876618.026231732
876486.7119908213
876354.1519444857
876220.346035406
876085.2942090376
875948.9964136098
875811.4526001259
875672.662722361
875532.6267368625
875391.344602949
875248.8162827102
875105.0417410053
874960.0209454625
874813.753866479
874666.2404772195
874517.4807536153
874367.4746743647
874216.2222209309
874063.7233775421
873909.9781311904
873754.986471631
873598.7483913816
873441.2638857213
873282.5329526901
873122.5555930879
872961.331810474
872798.8616111655
872635.1450042372
872470.1820015204
872303.9726176021
872136.5168698243
871967.8147782828
871797.8663658263
871626.6716580562
871454.2306833249
871280.5434727346
871105.6100601379
870929.4304821353
870752.004778075
870573.3329900516
870393.4151629056
870212.2513442223
870029.8415843302
869846.1859363008
869661.2844559473
869475.1372018238
869287.7442352239
869099.1056201796
868909.2214234609
868718.0917145745
868525.7165657624
868332.0960520015
868137.2302510014
867941.1192432051
867743.763111786
867545.1619426482
867345.3158244248
867144.2248484767
866941.8891088923
866738.3087024849
866533.4837287934
866327.4142900794
866120.1004913272
865911.5424402426
865701.7402472505
865490.6940254956
865278.4038908398
865064.869961862
864850.0923598555
864634.0712088288
864416.8066355023
864198.2987693085
863978.5477423903
863757.5536895997
863535.3167484968
863311.8370593477
863087.1147651249
862861.1500115041
862633.9429468645
862405.493722287
862175.8024915517
861944.8694111386
861712.6946402255
861479.2783406861
861244.6206770886
861008.7218166958
860771.581929462
860533.201188033
860293.5797677438
860052.7178466183
859810.6156053662
859567.2732273834
859322.6908987495
859076.8688082267
858829.8071472589
858581.5061099695
858331.9658931601
858081.1866963094
857829.1687215716
857575.9121737748
857321.4172604203
857065.6841916796
856808.7131803941
856550.5044420741
856291.0581948953
856030.3746596999
855768.4540599929
855505.2966219417
855240.9025743743
854975.2721487775
854708.4055792957
854440.3031027301
854170.9649585355
853900.3913888193
853628.5826383415
853355.5389545104
853081.2605873828
852805.747789663
852529.0008166989
852251.0199264823
851971.8053796471
851691.357439467
851409.6763718536
851126.7624453558
850842.6159311575
850557.2371030767
850270.6262375622
849982.7836136937
849693.709513179
849403.4042203531
849111.8680221757
848819.10120823
848525.1040707212
848229.8769044739
847933.4200069311
847635.7336781526
847336.8182208124
847036.673940198
846735.3011442081
846432.7001433508
846128.8712507421
845823.8147821035
845517.5310557613
845210.0203926433
844901.2831162782
844591.3195527941
844280.1300309151
843967.7148819612
843654.074439845
843339.2090410711
843023.1190247333
842705.8047325131
842387.2665086784
842067.5047000805
841746.5196561527
841424.3117289096
841100.881272943
840776.2286454218
840450.3542060894
840123.2583172619
839794.941343826
839465.403653237
839134.6456155172
838802.6676032536
838469.4699915969
838135.0531582583
837799.4174835081
837462.5633501736
837124.4911436376
836785.2012518358
836444.6940652544
836102.9699769302
835760.0293824456
835415.8726799292
835070.5002700519
834723.9125560266
834376.1099436046
834027.0928410741
833676.8616592584
833325.4168115137
832972.7587137278
832618.8877843157
832263.8044442204
831907.5091169095
831550.0022283723
831191.2842071182
830831.3554841769
830470.216493092
830107.8676699232
829744.3094532406
829379.5422841255
829013.5666061654
828646.3828654541
828277.9915105891
827908.3929926688
827537.5877652909
827165.5762845497
826792.3590090345
826417.9363998272
826042.3089204994
825665.4770371118
825287.4412182104
824908.2019348252
824527.759660468
824146.1148711294
823763.2680452773
823379.2196638538
822993.9702102747
822607.5201704255
822219.8700326602
821831.0202877978
821440.9714291212
821049.7239523749
820657.2783557619
820263.6351399422
819868.7948080301
819472.7578655919
819075.524820644
818677.0961836497
818277.472467518
817876.6541876006
817474.6418616888
817071.4360100133
816667.0371552398
816261.4458224676
815854.6625392274
815446.6878354778
815037.5222436045
814627.1662984164
814215.6205371451
813802.8854994397
813388.9617273672
812973.8497654092
812557.5501604583
812140.0634618173
811721.3902211962
811301.5309927086
810880.4863328715
810458.2568006017
810034.8429572121
809610.2453664117
809184.4645943013
808757.5012093717
808329.3557825019
807900.0288869552
807469.5210983776
807037.8329947949
806604.9651566106
806170.9181666034
805735.6926099244
805299.2890740945
804861.7081490029
804422.9504269022
803983.0165024088
803541.9069724986
803099.6224365043
802656.1634961143
802211.5307553685
801765.7248206572
801318.7463007164
800870.5958066285
800421.2739518164
799970.7813520432
799519.118625408
799066.2863923451
798612.2852756195
798157.1159003251
797700.7788938829
797243.2748860372
796784.604508853
796324.7683967147
795863.7671863213
795401.6015166864
794938.272029133
794473.7793672928
794008.124177102
793541.3071067999
793073.3288069251
792604.1899303142
792133.8911320982
791662.433069699
791189.8164028288
790716.0417934856
790241.1099059517
789765.0214067898
789287.7769648414
788809.3772512232
788329.8229393251
787849.1147048073
787367.2532255966
786884.2391818855
786400.073256128
785914.7561330372
785428.2884995826
784940.6710449872
784451.9044607258
783961.9894405198
783470.9266803376
782978.716878389
782485.3607351235
781990.8589532287
781495.2122376249
780998.4212954654
780500.4868361303
780001.4095712267
779501.1902145841
778999.8294822527
778497.3280924987
777993.686765804
777488.9062248617
776982.987194573
776475.9304020465
775967.7365765925
775458.4064497217
774947.9407551424
774436.3402287569
773923.6056086603
773409.7376351352
772894.7370506502
772378.6045998568
771861.3410295872
771342.9470888497
770823.4235288277
770302.7711028755
769780.9905665154
769258.0826774365
768734.0481954888
768208.8878826834
767682.6025031866
767155.1928233202
766626.6596115553
766097.0036385115
765566.2256769533
765034.3265017876
764501.3068900593
763967.1676209499
763431.9094757745
762895.533237977
762358.0396931292
761819.4296289277
761279.7038351889
760738.863103848
760196.9082289552
759653.8400066732
759109.659235274
758564.366715135
758017.9632487367
757470.4496406601
756921.8266975833
756372.0952282785
755821.2560436088
755269.3099565245
754716.2577820625
754162.1003373405
753606.8384415545
753050.4729159772
752493.0045839534
751934.4342708988
751374.7628042945
750813.9910136848
750252.1197306756
749689.1497889291
749125.0820241631
748559.9172741454
747993.656378692
747426.3001796645
746857.849520966
746288.305248538
745717.6682103584
745145.9392564371
744573.1192388148
743999.2090115561
743424.2094307509
742848.1213545082
742270.9456429547
741692.6831582296
741113.3347644843
740532.9013278768
739951.3837165693
739368.7828007257
738785.0994525081
738200.3345460733
737614.4889575695
737027.5635651331
736439.5592488875
735850.476890937
735260.3173753647
734669.081588231
734076.7704175673
733483.3847533762
732888.9254876245
732293.3935142434
731696.7897291244
731099.115030115
730500.3703170167
729900.5564915799
729299.6744575026
728697.725120428
728094.709387938
727490.6281695534
726885.4823767273
726279.2729228456
725672.0007232204
725063.66669509
724454.271757612
723843.8168318635
723232.302840834
722619.7307094266
722006.1013644519
721391.4157346254
720775.6747505632
720158.8793447809
719541.0304516894
718922.1290075909
718302.1759506767
717681.1722210222
717059.1187605853
716436.0165132028
715811.8664245871
715186.6694423216
714560.4265158596
713933.1385965189
713304.8066374813
712675.4315937851
712045.0144223254
711413.5560818496
710781.057532954
710147.5197380804
709512.9436615133
708877.3302693744
708240.6805296228
707602.9954120498
706964.2758882754
706324.5229317448
705683.7375177257
705041.9206233039
704399.0732273823
703755.1963106757
703110.2908557067
702464.3578468044
701817.3982701004
701169.4131135237
700520.4033668004
699870.3700214471
699219.31407077
698567.2365098596
697914.1383355898
697260.0205466119
696604.8841433534
695948.7301280131
695291.5595045579
694633.3732787194
693974.1724579921
693313.9580516275
692652.7310706326
691990.4925277657
691327.2434375319
690662.9848161833
689997.7176817125
689331.4430538481
688664.1619540546
687995.8754055272
687326.5844331891
686656.2900636867
685984.9933253871
685312.6952483756
684639.396864451
683965.0992071219
683289.8033116045
682613.5102148186
681936.2209553844
681257.9365736172
680578.6581115266
679898.3866128125
679217.1231228597
678534.868688738
677851.6243591937
677167.3911846522
676482.170217209
675795.9625106296
675108.7691203449
674420.5911034481
673731.4295186908
673041.2854264802
672350.1598888747
671658.0539695825
670964.9687339538
670270.9052489819
669575.8645832976
668879.8478071662
668182.8559924834
667484.8902127729
666785.9515431821
666086.0410604784
665385.1598430462
664683.3089708826
663980.4895255975
663276.7025904031
662571.9492501179
661866.2305911575
661159.5477015348
660451.9016708536
659743.2935903091
659033.7245526798
658323.1956523266
657611.7079851888
656899.2626487818
656185.8607421899
655471.5033660671
654756.1916226298
654039.9266156582
653322.709450488
652604.5412340071
651885.4230746562
651165.3560824227
650444.3413688345
649722.3800469609
648999.4732314078
648275.6220383132
647550.8275853433
646825.0909916908
646098.4133780692
645370.795866712
644642.239581367
643912.7456472926
643182.315191255
642450.9493415253
641718.6492278753
640985.415981573
640251.2507353816
639516.1546235532
638780.1287818262
638043.174347423
637305.2924590446
636566.4842568673
635826.7508825399
635086.0934791807
634344.5131913722
633602.0111651607
632858.5885480475
632114.2464889893
631368.9861383941
630622.8086481178
629875.7151714591
629127.7068631565
628378.7848793864
627628.9503777567
626878.2045173068
626126.5484584998
625373.9833632223
624620.51039478
623866.1307178931
623110.8454986932
622354.6559047205
621597.5631049182
620839.5682696337
620080.6725706067
619320.8771809749
618560.1832752647
617798.5920293871
617036.1046206402
616272.7222276973
615508.4460306093
614743.2772107981
613977.2169510573
613210.2664355412
612442.4268497685
611673.6993806148
610904.0852163099
610133.5855464339
609362.2015619148
608589.9344550222
607816.7854193673
607042.7556498982
606267.8463428933
605492.0586959608
604715.393908035
603937.8531793719
603159.4377115453
602380.1487074448
601599.9873712696
600818.9549085265
600037.052526027
599254.2814318817
598470.6428354988
597686.1379475789
596900.7679801136
596114.5341463778
595327.4376609307
594539.4797396092
593750.6615995243
592960.9844590602
592170.4495378686
591379.0580568649
590586.8112382246
589793.7103053806
588999.7564830193
588204.9509970769
587409.2950747358
586612.7899444206
585815.4368357947
585017.2369797574
584218.1916084401
583418.3019552017
582617.5692546247
581815.9947425136
581013.5796558894
580210.3252329882
579406.232713256
578601.303337344
577795.5383471064
576988.9389855964
576181.5064970637
575373.2421269501
574564.1471218858
573754.2227296848
572943.4701993437
572131.8907810356
571319.4857261069
570506.2562870765
569692.2037176266
568877.3292726073
568061.6342080235
567245.1197810397
566427.7872499702
565609.6378742792
564790.6729145767
563970.8936326122
563150.301291273
562328.8971545827
561506.6824876945
560683.6585568888
559859.8266295679
559035.1879742565
558209.743860594
557383.495559332
556556.444342332
555728.5914825602
554899.9382540854
554070.4859320736
553240.2357927859
552409.189113575
551577.3471728805
550744.7112502251
549911.2826262116
549077.0625825198
548242.0524019031
547406.2533681821
546569.6667662449
545732.2938820422
544894.1360025816
544055.1944159269
543215.4704111926
542374.9652785407
541533.6803091783
540691.6167953517
539848.7760303458
539005.1593084764
538160.7679250911
537315.603176563
536469.666360287
535622.9587746784
534775.481719167
533927.2364941938
533078.2244012086
532228.4467426669
531377.9048220227
530526.5999437291
529674.5334132323
528821.7065369701
527968.1206223648
527113.7769778231
526258.6769127306
525402.8217374496
524546.2127633132
523688.85130262375
522830.73866864946
521971.87617561966
521112.26513872016
520251.90687409416
519390.80269883294
518528.95393097587
517666.3618895067
516803.02789434884
515938.9532663617
515074.13932733703
514208.58739999775
513342.29880799074
512475.2748758858
511607.51692917105
510739.026294251
509869.80429844
508999.85226995964
508129.1715379385
507257.763432404
506385.6292842822
505512.7704253914
504639.18818843924
503764.8839070229
502889.85891561955
502014.1145495875
501137.65214516036
500260.47303944547
499382.5785704162
498503.9700769121
497624.648898636
496744.6163761476
495863.87385086063
494982.42266504
494100.2641617991
493217.39968509413
492333.8305797223
491449.55819131806
490564.5838663485
489678.9089521095
488792.534796725
487905.46274914034
487017.6941591222
486129.2303772494
485240.0727549158
484350.2226443216
483459.6813984746
482568.4503711816
481676.53091704845
480783.9243914755
479890.6321506547
478996.6555515649
478101.9959519673
477206.6547104055
476310.6331861997
475413.9327394422
474516.5547309974
473618.5005224943
472719.77147632465
471820.3689556401
470920.2943243487
470019.5489471089
469118.134189331
468216.0514171673
467313.30199751444
466409.88729800656
465505.8086870117
464601.0675336309
463695.6652076915
462789.6030797465
461882.8825210696
460975.50490365084
460067.4716001954
459158.78398411814
458249.44342954084
457339.45131128933
456428.80900488887
455517.5178865623
454605.5793332234
453692.99472247716
452779.7654326167
451865.89284261316
450951.37833212037
450036.22328146547
449120.42907165084
448203.99708434567
447286.9287018841
446369.22530726437
445450.8882841412
444531.91901682504
443612.3188902773
442692.08929010946
441771.23160257563
440849.7472145716
439927.63751363195
439004.90388792474
438081.5477262493
437157.5704180319
436232.9733533254
435307.7579227993
434381.92551774345
433455.4775300594
432528.4153522607
431600.7403774671
430672.45399940386
429743.55761239305
428814.0526113566
427883.9403918069
426953.2223498486
426021.89988217223
425089.9743860513
424157.4472593395
423224.31990046613
422290.59370843414
421356.27008281555
420421.3504237477
419485.83613193315
418549.72860863246
417613.0292556621
416675.7394753909
415737.860670737
414799.39424516633
413860.34160268493
412920.7041478399
411980.483285713
411039.6804219177
410098.29696259834
409156.33431442454
408213.7938845884
407270.6770807998
406326.9853112856
405382.7199847847
404437.8825105438
403492.4742983179
402546.49675836135
401599.9513014294
400652.839338772
399705.1622821316
398756.9215437416
397808.1185363177
396858.7546730591
395908.8313676454
394958.3500342304
394007.3120874418
393055.7189423749
392103.57201459166
391150.8727201149
390197.62247542944
389243.8226974737
388289.47480363864
387334.580211767
386379.14034014475
385423.1566075012
384466.6304330062
383509.5632362645
382551.95643731486
381593.8114566244
380635.1297150878
379675.9126340207
378716.16163516045
377755.87814066187
376795.0635730894
375833.71935542114
374871.8469110392
373909.4476637319
372946.523037686
371983.0744574843
371019.1033481052
370054.6111349175
369089.5992436772
368124.06910052337
367158.02213197574
366191.4597649332
365224.3834266681
364256.7945448244
363288.69454741385
362320.0848628115
361350.96691975556
360381.34214734193
359411.21197502315
358440.57783260103
357469.44115022756
356497.80335840024
355525.66588795837
354553.03017008025
353579.8976362813
352606.2697184086
351632.14784863964
350657.5334594771
349682.4279837487
348706.8328545997
347730.7495054947
346754.1793702105
345777.12388283573
344799.5844777655
343821.56258970033
342843.05965363886
341864.07710488234
340884.6163790226
339904.6789119467
338924.2661398286
337943.3794991262
336962.0204265816
335980.1903592162
334997.89073432796
334015.122989486
333031.8885625303
332048.18889156636
331064.02541496605
330079.3995713601
329094.3127996363
328108.7665389376
327122.76222865656
326136.30130843725
325149.3852181658
324162.0153979715
323174.19328822196
322185.9203295214
321197.1979627069
320208.0276288446
319218.41076922696
318228.3488253718
317237.84323901497
316246.89545211196
315255.50690683164
314263.6790455552
313271.41331087146
312278.7111455733
311285.57399265934
310292.00329532474
309298.0004969612
308303.567041154
307308.70437167864
306313.4139324976
305317.6971677579
304321.555521789
303324.99043909553
302328.003364359
301330.59574243333
300332.76901834086
299334.5246372707
298335.86404457595
297336.78868576884
296337.3000065172
295337.3994526472
294337.08847013395
293336.3685051007
292335.241003816
291333.70741269086
290331.76917827874
289329.42774726544
288326.68456647266
287323.5410828525
286319.9987434838
285316.0589955719
284311.72328644246
283306.99306354113
282301.8697744291
281296.3548667813
280290.44978838135
279284.1559871221
278277.47491099965
277270.40800811164
276262.95672665443
275255.1225149203
274246.9068212947
273238.31109425146
272229.336782353
271219.9853342464
270210.258198658
269200.15682439413
268189.6826603357
267178.8371554371
266167.6217587227
265156.03791928384
264144.08708627615
263131.7707089158
262119.09023647849
261106.04711829405
260092.6428037472
259078.87874227017
258064.75638334546
257050.2771764975
256035.4425712945
255020.25401734002
254004.7129642777
252988.82086178102
251972.57915955503
250955.98930733278
249939.05275487155
248921.77095195092
247904.14534837008
246886.17739394307
245867.8685384998
244849.22023188043
243830.2339239316
242810.9110645065
241791.25310346298
240771.26149065513
239750.93767593708
238730.28310915548
237709.2992401505
236687.98751875013
235666.34939476848
234644.38631800376
233622.09973823465
232599.4911052175
231576.5618686853
230553.31347834226
229529.74738386367
228505.86503489222
227481.66788103431
226457.15737185813
225432.33495689183
224407.20208562072
223381.76020748168
222356.01077186596
221329.95522811078
220303.59502550028
219276.9316132618
218249.9664405631
217222.70095651038
216195.13661014568
215167.27485044114
214139.11712630186
213110.66488655843
212081.91957996693
211052.88265520614
210023.55556087382
208993.93974548485
207964.03665746842
206933.84774516523
205903.37445682567
204872.61824060697
203841.58054456953
202810.262816675
201778.6665047845
200746.7930566566
199714.64391994104
198682.22054217942
197649.52437080257
196616.5568531286
195583.31943635643
194549.81356756762
193516.0406937208
192482.0022616526
191447.69971807208
190413.13450955786
189378.30808255821
188343.22188338637
187307.8773582196
186272.2759530954
185236.4191139117
184200.30828641728
183163.94491621945
182127.33044877276
181090.4663293818
180053.3540031975
179015.9949152125
177978.39051026013
176940.54223301448
175902.45152798388
174864.11983951088
173825.54861176945
172786.73928876035
171747.69331431296
170708.41213207878
169668.89718553144
168629.14991796296
167589.17177248187
166548.96419201232
165508.52861928754
164467.86649685167
163426.9792670561
162385.8683720557
161344.5352538079
160302.9813540699
159261.20811439585
158219.21697613597
157177.00938043185
156134.58676821552
155091.95058020763
154049.10225691274
153006.04323861934
151962.77496539894
150919.2988770986
149875.61641334277
148831.7290135296
147787.63811682817
146743.34516217746
145698.85158828367
144654.15883361548
143609.26833640784
142564.18153465074
141518.89986609574
140473.4247682467
139427.75767836347
138381.9000334544
137335.8532702783
136289.61882533878
135243.1981348833
134196.59263490234
133149.80376112554
132102.83294901904
131055.68163378257
130008.35125035234
128960.84323339257
127913.15901729651
126865.30003618263
125817.26772389375
124769.06351399515
123720.68883976992
122672.1451342199
121623.433830061
120574.55635972135
119525.51415534131
118476.30864876881
117426.94127155934
116377.41345496941
115327.72662995942
114277.88222719077
113227.88167702034
112177.7264095014
111127.4178543808
110076.95744109526
109026.34659877233
107975.58675622474
106924.67934195045
105873.6257841317
104822.42751062848
103771.08594898134
102719.60252640583
101667.97866979335
100616.21580570564
99564.31536037568
98512.27875970304
97460.1074292548
96407.80279425997
95355.36627961136
94302.79930985998
93250.10330921505
92197.27970154025
91144.32991035376
90091.25535882544
89038.05746977404
87984.7376656644
86931.29736860935
85877.73800036311
84824.06098232232
83770.26773552224
82716.35968063492
81662.33823796827
80608.20482746325
79553.96086869296
78499.60778085887
77445.14698278997
76390.57989294082
75335.90792938787
74281.13250983227
73226.25505159143
72171.27697160095
71116.1996864127
70061.02461219206
69005.75316471606
67950.38675937057
66894.92681114934
65839.37473465316
64783.73194408603
63727.999853254296
62672.17987556476
61616.27342402097
60560.281911223195
